4.014820990774727427e+00
4.037034722019105182e+00
3.934212028143818873e+00
4.031632678350303145e+00
4.010947187089293209e+00
3.980074795563393053e+00
3.999983046243445362e+00
3.999887005881746393e+00
4.016865930446685162e+00
4.002518072074699340e+00
3.996993791931105378e+00
3.999252636250520077e+00
3.978925054108065851e+00
3.981189875432211256e+00
4.003263078589215596e+00
4.076718736611650407e+00
3.979717411782847769e+00
3.999146526477756591e+00
3.936722162299341132e+00
3.972570801690283648e+00
4.068241389290790266e+00
4.055238437762749726e+00
4.066479214953570676e+00
4.001366902653101576e+00
3.980028394282752569e+00
4.109087317512528870e+00
3.974075729792380329e+00
4.054675290664883747e+00
3.948967607902182486e+00
3.942166107371423145e+00
4.066752100475809151e+00
3.992017806907944610e+00
4.035504244677979635e+00
4.026579472766665724e+00
4.010075147859106792e+00
4.003475625945220884e+00
3.956747120436758358e+00
3.991002822892142365e+00
3.985249731734405110e+00
4.037151712730234543e+00
3.935670166956424243e+00
4.014750915681785770e+00
4.005846045227298369e+00
4.038629326659801677e+00
3.965968402420982919e+00
4.033544912867572663e+00
3.989680881182474437e+00
3.965750543655499616e+00
4.032141497244222883e+00
4.104429666272547905e+00
4.017125027237588242e+00
4.056102344576059338e+00
3.998944432542410166e+00
3.993524390757791753e+00
4.055889545140607844e+00
4.023802129199301802e+00
4.016672178842011220e+00
3.928784912071551894e+00
4.080776272323580756e+00
3.993397048747176825e+00
3.998451590551189483e+00
4.054384345084312002e+00
4.008057481353345608e+00
3.942812135643074090e+00
3.957766692199644609e+00
4.017817192141762916e+00
4.096763281908912369e+00
4.043810913749293690e+00
3.932003335613944106e+00
3.990933590197542014e+00
4.040199227093519418e+00
3.981680468210681667e+00
4.012183058171110872e+00
4.072192400707404403e+00
3.969331009863340309e+00
3.994196459022917089e+00
3.927454868496181195e+00
4.058919508071821447e+00
4.003915063583027845e+00
4.040846231396107768e+00
3.901091048803320138e+00
4.033966694711764056e+00
4.000137037506282134e+00
4.032867042982765327e+00
4.032575763185694662e+00
3.892386467269978834e+00
3.975684970197309376e+00
3.954489366552812246e+00
3.914792248354826310e+00
3.913859369028424684e+00
3.923567208826278740e+00
4.046972820286084627e+00
3.905084872017259734e+00
4.044449045246770069e+00
3.946858617173956585e+00
4.016397280210854959e+00
3.924766672053991545e+00
4.074026714918540293e+00
3.990429776763146918e+00
3.981549266304941437e+00
4.002630553603525598e+00
4.001108307154296995e+00
4.003550681392989752e+00
3.965350904458253556e+00
4.012951074277453678e+00
3.947710956547597849e+00
4.029354429100155066e+00
4.054717882338797708e+00
4.037141769566702898e+00
3.980478452089463826e+00
4.004766549419397137e+00
3.980546624719782933e+00
4.066576132053975279e+00
4.028795136486810868e+00
3.949156727607891604e+00
3.942928212011375333e+00
3.958349007137075937e+00
4.055627335307114834e+00
3.953438807636371788e+00
3.992434217751489989e+00
4.005892668365301112e+00
3.977546485877816451e+00
3.999589170263912585e+00
4.053503936996540880e+00
3.897116742541481216e+00
3.989003915024458280e+00
3.980388166640129288e+00
4.009392047952711202e+00
3.993563810919947166e+00
4.000970296248453018e+00
4.013021193784281238e+00
4.055204838778497134e+00
4.002765188238812222e+00
3.986864116443851191e+00
3.899804566110204984e+00
3.886561441162839525e+00
3.984096283214073608e+00
3.977144527017354214e+00
4.071027198982045014e+00
3.928986417405489373e+00
4.066254134527850006e+00
3.976840968817668465e+00
3.908719792952632055e+00
4.043756126117341587e+00
4.032378813077532875e+00
4.044070137680296106e+00
4.004202583904271862e+00
4.040203943326976521e+00
4.030683728147195666e+00
3.970457031278310289e+00
4.006022362330230457e+00
3.986054257984017024e+00
4.068647750214856806e+00
3.893201141896838635e+00
3.928397622551718094e+00
4.009419899494459649e+00
4.040120892785743933e+00
3.883645979151145955e+00
4.043526816987834671e+00
3.958874059454742245e+00
4.010590660173060762e+00
4.058181337376929321e+00
4.026069621537003762e+00
4.031727308070746751e+00
3.997657562326649483e+00
3.961754535316480474e+00
3.960677860258564387e+00
3.971589747834698869e+00
3.941908732495404966e+00
4.053342446481746464e+00
3.926646583844620952e+00
3.990859382944290878e+00
3.905821098396024205e+00
4.031225302817959211e+00
3.988474781068269692e+00
4.044404064836569113e+00
4.001439775670796450e+00
4.058420281807372021e+00
3.992412372015484490e+00
4.018925564128458028e+00
4.010858959160713333e+00
4.008055466409656376e+00
3.999142271510614854e+00
3.960638428090841767e+00
3.945026612491947748e+00
4.007334247432647878e+00
3.975481312137477907e+00
3.985460764800735411e+00
3.989777112311785334e+00
4.082793066873596999e+00
4.043629949305507232e+00
3.899413803440967108e+00
3.957379725508029189e+00
4.086999622906223983e+00
3.945505858289296786e+00
3.976687722141819759e+00
4.078552502151842951e+00
4.019438956308600375e+00
3.959258122589540019e+00
4.014624250123350890e+00
4.050134971138685813e+00
4.080333203013736920e+00
3.971385771943479082e+00
3.982873612822274811e+00
4.064969783511417134e+00
3.895742299284507659e+00
3.886790750036765552e+00
4.084514423223646773e+00
3.982707115513986373e+00
4.020111766608562398e+00
3.932837578368096221e+00
3.990630202899865697e+00
4.002296053483298088e+00
4.072827533812497514e+00
3.951328238579673968e+00
4.000205152371771433e+00
3.930292770852216844e+00
4.096846163683229847e+00
4.025846734048587727e+00
4.014035561482974579e+00
4.018209557265208787e+00
3.975369145117330749e+00
3.969536792525646618e+00
4.103177407225369500e+00
4.059813813353565060e+00
3.951196239433538260e+00
3.940862845268941594e+00
3.887961007246934830e+00
3.926002820975835750e+00
4.056820516044287395e+00
4.058259919210282618e+00
4.067387158241309031e+00
4.093621805590063722e+00
4.011600958138767048e+00
4.026018423504255317e+00
3.976486625626549198e+00
3.907665469345015907e+00
3.866977301336194550e+00
3.936686146317712520e+00
4.004234738379079062e+00
3.926660215917309404e+00
4.131508836953596386e+00
3.950688313838795818e+00
4.013102718829417270e+00
4.009804104891930621e+00
4.071866627680476469e+00
3.948372313953758539e+00
3.994432697865296422e+00
4.039012134714718094e+00
4.022346094381705761e+00
3.950887582607794712e+00
3.977857444367997708e+00
3.951605498348447210e+00
4.025424090981352343e+00
3.996396852377990694e+00
4.020719582163156502e+00
4.021459452976968052e+00
4.091455534755460199e+00
3.970030133622036495e+00
3.994120657315307188e+00
4.019187592202685622e+00
3.969443252077224482e+00
3.990010866959499136e+00
4.005993242143719435e+00
4.004145727953280165e+00
4.058064600035344860e+00
4.087802840702704721e+00
3.966240631634801783e+00
3.989764932697858590e+00
4.065150451188012326e+00
4.064643183068871402e+00
3.984369227598206553e+00
4.061733208190377198e+00
4.043160668386663659e+00
4.043747006541992484e+00
3.868952268658440996e+00
4.053338678720869837e+00
3.963329771576368898e+00
3.999111378089136526e+00
3.939371631433372212e+00
3.987710422428896173e+00
3.947447336916790395e+00
4.036365867543592501e+00
4.054947541123801180e+00
3.982204385292446247e+00
3.970010541495421652e+00
4.057387445863930076e+00
4.054699700918512839e+00
4.032125729817121140e+00
4.033732977835688516e+00
4.052885512857638872e+00
4.016365479684119499e+00
3.960660928327957020e+00
4.083506436032793729e+00
3.990455612485707348e+00
3.999047629605487320e+00
3.974538046482149145e+00
3.947199368997657221e+00
3.920405364655109359e+00
4.029910669641012966e+00
3.907423085411999342e+00
3.952185751006442871e+00
3.939357090534828743e+00
4.061068151187261499e+00
3.972011699041623434e+00
3.997523791396084825e+00
4.019662837308822567e+00
4.081455732489420285e+00
4.016576584586562859e+00
3.997751867755986233e+00
3.983809649828039312e+00
4.016266815248176414e+00
3.886864804119019912e+00
3.999512209896585624e+00
4.053747484818302382e+00
3.960351378503269348e+00
3.919312071364446926e+00
4.040920841544449971e+00
4.065678045254464301e+00
4.066451602650053232e+00
4.011885014766008339e+00
3.967446013508837854e+00
4.111451924950245029e+00
4.013145315421112969e+00
3.968279033305240233e+00
4.000975160478742687e+00
3.973733896960372824e+00
4.037416995127361297e+00
4.044311569129940054e+00
3.957848352793581270e+00
4.019237998132035194e+00
4.038910379036058096e+00
4.002650006244455660e+00
4.025228036788908170e+00
4.002378576968066426e+00
3.947447568410979546e+00
4.008296980587410907e+00
3.974103204337249284e+00
4.005317738641830161e+00
4.046345496028896704e+00
3.906366467173282064e+00
3.982005255143801215e+00
4.009317052299145701e+00
3.973940537286581698e+00
4.031686461963593260e+00
3.956350811872036743e+00
3.952726389931132012e+00
4.020502493253605536e+00
3.999898666133587355e+00
4.012954610077067663e+00
3.979854630551010075e+00
4.020357623157248206e+00
3.911663662228270333e+00
4.022529463708888642e+00
3.954979025105681778e+00
4.031831968155337620e+00
4.034671808264899795e+00
3.944167001914947512e+00
3.988472604846593050e+00
4.018530411740025343e+00
4.054323280523116857e+00
3.962980410919185292e+00
4.014537819812996844e+00
3.961046083462137712e+00
3.970011611433798215e+00
3.997716977013590078e+00
3.995179718216965714e+00
4.028543182342605888e+00
3.996534498696523663e+00
4.019944494184709782e+00
4.020333982098461156e+00
4.034234788285694151e+00
3.968142456288516584e+00
4.004736883345796805e+00
4.026163460742392175e+00
4.069159275080550309e+00
4.042848645435921817e+00
3.972897808005576792e+00
4.014900740540459090e+00
4.021680604008635029e+00
4.053880420122312422e+00
3.999068778439430094e+00
3.924445651928056389e+00
3.977126950047672693e+00
3.985562922399441987e+00
3.945977944876466914e+00
3.966457573391366509e+00
4.059118796711283395e+00
3.992769950061834550e+00
4.023932352490167119e+00
4.048348198186998204e+00
3.987567802522590465e+00
4.068698555476347067e+00
4.010349020978940082e+00
4.088243538615676798e+00
3.987757008481265242e+00
4.005972119603475434e+00
3.966064327967097736e+00
3.970198103886710239e+00
4.097887130286230750e+00
4.055808536528099140e+00
4.071092775190603419e+00
4.018132733668662304e+00
3.954969483824442467e+00
4.013687236567823113e+00
4.021020886031697827e+00
3.957289297826438013e+00
4.042588409853161480e+00
4.019513568777462353e+00
3.987530672750209337e+00
4.049318056530236909e+00
3.983911343411148387e+00
4.030237739957856391e+00
3.982199263182721882e+00
4.017381556024951728e+00
4.063508431800253895e+00
4.004442660206555260e+00
4.032303143499276210e+00
3.981549626135970410e+00
3.976216832095635922e+00
4.057261566416187293e+00
4.027272425239712739e+00
3.972797311582030311e+00
3.985041277138524851e+00
4.029697983860181409e+00
4.038826627520291979e+00
4.025480762994384953e+00
3.996666487713889104e+00
4.032271341354578098e+00
3.964360306547390689e+00
4.025914790798873710e+00
3.997614847306498742e+00
4.010274346684800761e+00
4.036089831950705253e+00
3.973187750754606284e+00
3.922147905572903603e+00
4.005499842082048012e+00
4.015151144074936340e+00
3.987155748384839882e+00
3.906461172540365290e+00
3.962324672030516748e+00
3.933119029032533742e+00
3.976925086590560099e+00
4.065453834502014807e+00
3.968524233519596489e+00
4.013619807772188963e+00
3.927237440651275335e+00
4.080980638664426507e+00
4.014536505774241704e+00
4.026759237727435270e+00
3.983403834213829153e+00
3.932463148389177210e+00
4.075183816429884587e+00
3.997291808591536988e+00
4.133485286593836072e+00
4.016114054860165261e+00
4.035773256539176401e+00
4.031565318282749999e+00
4.011009506872574626e+00
3.969195429592571767e+00
3.971333256536945910e+00
3.998056974768563254e+00
4.006550382224240536e+00
3.968500059348962328e+00
4.059076765983571811e+00
3.975174688062758310e+00
3.942989536566273934e+00
4.033970260481019920e+00
3.964329967897480156e+00
3.962972367399589579e+00
3.987254915749563811e+00
4.023454435078892999e+00
4.010147322609309839e+00
3.972767746475265316e+00
3.999511316723357801e+00
4.006640947601359137e+00
4.005035805492802581e+00
3.978924829287355802e+00
3.939544737586879730e+00
4.060673763610064491e+00
3.998242950418996244e+00
4.027229466546669023e+00
4.073779596436484240e+00
4.052543340060450916e+00
3.960437548367717220e+00
3.941925341859000564e+00
3.981788870263101021e+00
4.034872521982196147e+00
3.973003086061325018e+00
4.004947506485496689e+00
3.990806324090131252e+00
4.040625022071774985e+00
4.089490568217637012e+00
4.000722767431479809e+00
3.933610081047186124e+00
3.957867323403751580e+00
3.971285814630567845e+00
3.996476843834719350e+00
4.027743156443301054e+00
3.968429211885913244e+00
3.974623969708076299e+00
3.965787098335272987e+00
3.965997440200832447e+00
4.041655653577378438e+00
3.885851638295124033e+00
3.912544341264410530e+00
4.011035733899923628e+00
3.993942229607487793e+00
4.024905636421831190e+00
4.011306378506458437e+00
4.018623085686349405e+00
3.984238120731073529e+00
3.982135757900445050e+00
3.955687496393187619e+00
3.975298022867401304e+00
3.994059424367150779e+00
4.035449298883300173e+00
3.938368959126968161e+00
4.074599908481530974e+00
4.026791699745608355e+00
4.015313131704089322e+00
3.916912629177053073e+00
3.978742284237412719e+00
3.960315063847436257e+00
4.010876189463721708e+00
4.038850345386943097e+00
4.017607313390405110e+00
3.987895418413340831e+00
3.983711914889600081e+00
3.988463407483061829e+00
3.978859356227491872e+00
3.941185536737206174e+00
4.022553063854402033e+00
3.988108384033612452e+00
3.998562919112963243e+00
4.037305668399187475e+00
3.979762931022595485e+00
3.952915965775982698e+00
4.029184653796930249e+00
4.027864876946601669e+00
3.985290451317379024e+00
3.910901388921514066e+00
3.966395749511161473e+00
3.997780425706148666e+00
4.063949017748358372e+00
4.007283495581432042e+00
3.968674641080074839e+00
3.993325320073271900e+00
3.982706989252555729e+00
3.936409252122781144e+00
3.873298921220861057e+00
4.023990147640112092e+00
3.991819154892432664e+00
4.048362963101162393e+00
4.013728499584971132e+00
3.994198871516602800e+00
3.887941412665537388e+00
4.006496460673584004e+00
4.038590304405977882e+00
3.909794293677136601e+00
4.009829409605577766e+00
3.991918229463983447e+00
4.003074163689158027e+00
3.968951055745472800e+00
4.014647521799985519e+00
4.073500228539603363e+00
4.051094312010892651e+00
4.028593649030618451e+00
3.998645362903485267e+00
4.082163880645029330e+00
3.925701088425992857e+00
3.933429167330372955e+00
4.001385189249105245e+00
3.972095494302055219e+00
4.018654174740900586e+00
4.059250947867701242e+00
3.959451018050718751e+00
3.872296397274014090e+00
4.039186134153445629e+00
3.989226343870039937e+00
4.083369174484224651e+00
4.112970168587165354e+00
4.028860432234097289e+00
3.995838210097069521e+00
4.029080806577264973e+00
3.987176219848804770e+00
3.970458241098405061e+00
4.027310006834078138e+00
3.918057539305324521e+00
4.043458542251333832e+00
4.001531159261657145e+00
3.998880307670478196e+00
4.000588725979667970e+00
3.920900214523275196e+00
4.067886752316904442e+00
3.937174677577697679e+00
4.023900141840577760e+00
3.892200600877636862e+00
3.981932629543027957e+00
4.036231976190580717e+00
3.954063456904271412e+00
4.006376006938801027e+00
3.959406807478255352e+00
3.996934332312108928e+00
3.990599085821068925e+00
3.996627281049373703e+00
4.020580814110298107e+00
3.990420470704911793e+00
3.969635572097832910e+00
3.979282661885191086e+00
4.047435511367530658e+00
3.976682637194238978e+00
3.882108269400197376e+00
3.965315818791778302e+00
4.071810356719096191e+00
4.075998250525572963e+00
4.054009994929368865e+00
3.941126392872661199e+00
4.020275235589148011e+00
4.014459023284843830e+00
3.982724638191232014e+00
4.036185587829505650e+00
4.007484675248129236e+00
4.044770906459678628e+00
4.065196285017978362e+00
4.034937259001756260e+00
3.920650982153912167e+00
4.062849941053552350e+00
3.983930890078167142e+00
4.027235854437332563e+00
4.100116113041172738e+00
4.003941346213285790e+00
3.979470322705912277e+00
4.032160405471999276e+00
3.998289250435373532e+00
3.972734280260580952e+00
4.034963361882181410e+00
4.007974169188646130e+00
4.036493082732654614e+00
3.986199665590170138e+00
3.969619231876281074e+00
4.108124768674260352e+00
3.933327583824989038e+00
3.916511496529669234e+00
4.028274495888179096e+00
3.920411325369778321e+00
3.973464945354229449e+00
4.031997458951919633e+00
4.017739825276893662e+00
4.009535348049267256e+00
4.026499547612528929e+00
4.008238342255128650e+00
3.969314759025114991e+00
4.053032002645714726e+00
4.093888961400882209e+00
4.013687516525608956e+00
3.989971983087429397e+00
4.014350004257484450e+00
4.109102037510543148e+00
4.016705226914096372e+00
4.075989461781138523e+00
4.040472651158762751e+00
3.954855202053112695e+00
3.943377389027062918e+00
3.974416760619946754e+00
4.067612011787687720e+00
4.021569649379443945e+00
4.048293495329379432e+00
4.004346873113901140e+00
4.049766876439295338e+00
3.997414011471184025e+00
3.971086251442194737e+00
4.013246989567815781e+00
3.952674336175225900e+00
3.993908326145398480e+00
4.016105170654062917e+00
4.033488778486611359e+00
3.965259648034725970e+00
3.938451825224413838e+00
4.034717847367078392e+00
4.009348276436513814e+00
3.993629761148350887e+00
4.066263800798921579e+00
4.014197573759552995e+00
3.980176559095490507e+00
3.992408303140606129e+00
3.926549962767018176e+00
3.962196057124959925e+00
3.910334632206916794e+00
3.943406193333260923e+00
3.962446338640848165e+00
4.030254024874972529e+00
4.003419775302331729e+00
3.992888942612772496e+00
4.014340151934768564e+00
3.978692352805980992e+00
3.869648335148738294e+00
4.026694440096844296e+00
4.013212151935065641e+00
3.930198705221917166e+00
3.996218751806884129e+00
3.958466335835965744e+00
3.944773282770707379e+00
4.001756565242307495e+00
4.094860879694250499e+00
3.913664809591303140e+00
3.995499845486989887e+00
3.980547729011281621e+00
4.050740710306927284e+00
3.957515233007264488e+00
4.004987000106916106e+00
3.989567108521458572e+00
3.978669787053433549e+00
3.986628688098881490e+00
3.976142869524841750e+00
4.008264541836951800e+00
3.926569677314451390e+00
4.008262587722771109e+00
3.914729417040100135e+00
4.021178657988533800e+00
4.019833537593585859e+00
4.085958859400402154e+00
3.875498117186272573e+00
4.036542842184148938e+00
3.991484509510977663e+00
3.938460134764539600e+00
3.892490636909370583e+00
4.009989174329802175e+00
3.958293220327386397e+00
3.930669551957241215e+00
4.005385102726481961e+00
3.996004466770299857e+00
4.007574443070647696e+00
4.099786599319163116e+00
3.983560156394317708e+00
4.021896898549560007e+00
4.055329472102721766e+00
3.949459769040358115e+00
3.958839456670127266e+00
3.977838134402157166e+00
3.953644096627717985e+00
3.949831649747083340e+00
3.995754564293442446e+00
4.009449628788594566e+00
3.978816710094353670e+00
3.946388910819515594e+00
3.980689361540259430e+00
4.063328209219564613e+00
3.986257196018776039e+00
3.983015523652649659e+00
4.003791053005953060e+00
3.930460288724043405e+00
3.945937102349673431e+00
3.916851354157048881e+00
4.038033051303679066e+00
3.976350754696982293e+00
3.962373079305898216e+00
3.976458892746890683e+00
3.999358666609496016e+00
3.932256005982285973e+00
4.012662666240767173e+00
3.980572620546008356e+00
4.036793553283771097e+00
4.041944741690905119e+00
4.070287440455992112e+00
3.926121831768393911e+00
4.028787320354026313e+00
4.042554512594024985e+00
3.983883013265231643e+00
4.027591854962946805e+00
4.009929372186734398e+00
4.001790328288141296e+00
4.029726815411748042e+00
3.914979480962307079e+00
3.928180379416391865e+00
4.010274792516931086e+00
4.088771522086368293e+00
4.069297353374444093e+00
3.997628019312116976e+00
3.994600046879572819e+00
3.922931593745442758e+00
4.024490768882629688e+00
3.938285977979212316e+00
3.964881457837355239e+00
3.991959063351933512e+00
4.030402425586429693e+00
3.979376044081684327e+00
4.039867534393563275e+00
3.945029384596003386e+00
3.975036396065855016e+00
4.085837843043004902e+00
3.960862469676146524e+00
4.034665552690843704e+00
4.011038359636748929e+00
4.038177987611826225e+00
4.015954328738881252e+00
4.019629256044244592e+00
4.003872193559247172e+00
4.034205484286810695e+00
4.054419711892744083e+00
3.977022519753890428e+00
3.973943040719666531e+00
4.009067468384031940e+00
3.981413507183687805e+00
3.969769045959085307e+00
3.940308475996922244e+00
3.949311406903336152e+00
4.030142493743340992e+00
3.967518592934268895e+00
4.034288603018787001e+00
3.938369603667869701e+00
3.981313330088481095e+00
3.955079819620906711e+00
3.988715236858699775e+00
4.035540588441320686e+00
4.031938487770818647e+00
3.997744952984365607e+00
4.016127782966789184e+00
4.027664003397890546e+00
4.018657318365119302e+00
4.023927001023440475e+00
4.019588904380070105e+00
4.005606770403905337e+00
4.002917276474708963e+00
3.979251746978176740e+00
3.943564898878225922e+00
4.039598558804845752e+00
3.978100625187887651e+00
3.985215611445784401e+00
3.997609949144657282e+00
3.974277004593346430e+00
4.055718306369809234e+00
4.058385866281882137e+00
3.931724955626602291e+00
3.957561565596185549e+00
4.074508626535994438e+00
3.933593828151393801e+00
4.051731115678116169e+00
3.979389321177909000e+00
3.911454681187166216e+00
4.047510407387258091e+00
3.865716399614764764e+00
4.046840316899345424e+00
4.017787264523233759e+00
4.031443369265564236e+00
4.057421609919972028e+00
4.006686897218469490e+00
3.951410882939247582e+00
3.939493399328423351e+00
3.964219877369075551e+00
4.004135528785552900e+00
4.032994864009229019e+00
4.000875544831805186e+00
3.996296307638631973e+00
3.992753104431856492e+00
3.987958999904681168e+00
3.974746074109147376e+00
3.955358253116355360e+00
4.017778891274767616e+00
3.891826098926313371e+00
3.982103694269856220e+00
4.019087940486161692e+00
3.899568073901006127e+00
4.068508108747804997e+00
4.084013098002984954e+00
3.959874606728967183e+00
3.965072334110639751e+00
4.058069095297730300e+00
3.892181322017246980e+00
4.050482813441361074e+00
4.012208101601022925e+00
4.024491061293629102e+00
4.037119639026583329e+00
4.069581469507026483e+00
3.926731235064081282e+00
3.955801564849801277e+00
4.024859297187278528e+00
4.047474661281974306e+00
4.011671704108827008e+00
4.034790462570776448e+00
3.939339809560472361e+00
3.961453697866113455e+00
4.009871481843108043e+00
3.991242191478151735e+00
4.040750779990957220e+00
4.059598575273319021e+00
3.990032038644034440e+00
4.054614066121802196e+00
4.000283260316173539e+00
4.017485530936221849e+00
3.990891764673589748e+00
4.027655967508720458e+00
3.915334263505876322e+00
3.966066575507618985e+00
4.002974565750235136e+00
3.972770024779519904e+00
4.042310582117320195e+00
4.081461318545610339e+00
3.848980876666836526e+00
3.980616695250397630e+00
3.989713220427305362e+00
3.992249938573707801e+00
4.044315540624309868e+00
4.008783384959706986e+00
3.955307608784182527e+00
4.041746053461969801e+00
3.969213615489940228e+00
4.106321609168819720e+00
3.958557072729456561e+00
3.992975955005329425e+00
4.022132305766547233e+00
4.007286958794046505e+00
4.002616841523371605e+00
4.037366887539050708e+00
3.922564618023883565e+00
4.043200299631023675e+00
4.014810394094319612e+00
3.951486176657535765e+00
3.955248534234364843e+00
3.959344837271443929e+00
4.053229769241586844e+00
3.962055146843462605e+00
3.952265233685015922e+00
4.066713068474820503e+00
4.016878155952588791e+00
3.987334645517933485e+00
4.010611524670760986e+00
3.934101104157095463e+00
4.005119438188948777e+00
3.994335993850664845e+00
4.011940470537397552e+00
4.067878858198226588e+00
3.958870427408179626e+00
4.011627685538545762e+00
4.070811575615318922e+00
4.026677847721248149e+00
3.863744417287242605e+00
3.968715940048071822e+00
3.955362572828945211e+00
3.944273774516842135e+00
4.023993504366859320e+00
3.968832285372423829e+00
3.917011205716379507e+00
4.028715177979849571e+00
3.966391223022134316e+00
3.968894013706341539e+00
4.049136509999891054e+00
4.017834173597599090e+00
4.072834994813185006e+00
3.979973764520063906e+00
4.064649835858836546e+00
3.914724409775858671e+00
3.985301573882018111e+00
3.996106888517209743e+00
4.012422146921585053e+00
3.984926218691672961e+00
4.091344841175739155e+00
4.041635436856585883e+00
4.008986321129448527e+00
3.965809071477049752e+00
4.013026738284809269e+00
3.957911220585992318e+00
4.016465958738902664e+00
3.979249056707503840e+00
3.924796167417791803e+00
3.988150913398524899e+00
3.879331143762955403e+00
4.020704067192698794e+00
3.967460377657570980e+00
3.976513929019425131e+00
4.034881090443735552e+00
3.936736158260104812e+00
3.933512157021405553e+00
3.959215918325574624e+00
4.012341602743309643e+00
3.857349464436048869e+00
4.030214686041931671e+00
3.968157560652815885e+00
3.984660839009435573e+00
4.038765544313991818e+00
3.963114260684039714e+00
4.029487723560542634e+00
4.024468170903396924e+00
4.014305114415469333e+00
4.013203902787260802e+00
3.856081354873098110e+00
3.902812758193242360e+00
3.949789624021082357e+00
3.939376422472001593e+00
4.035714001789184380e+00
4.028658810171061866e+00
3.949490611748245339e+00
4.056845720519786092e+00
4.006028537567399184e+00
4.015909349731695777e+00
3.902805817477569050e+00
4.059575305153074964e+00
4.060872609855974424e+00
4.046472011979497019e+00
3.951181072847896658e+00
