4.357181810917932552e+00
4.340042815279026911e+00
4.485499347721703778e+00
4.314888916718827794e+00
4.455567423228031565e+00
4.428326416440067526e+00
4.343990216332336729e+00
4.438218326472608943e+00
4.395269100228535564e+00
4.368742189492055950e+00
4.334000465510595035e+00
4.360100245373935479e+00
4.423769495784023675e+00
4.460289530691595949e+00
4.426738440303723543e+00
4.410981637634590946e+00
4.457953600073468081e+00
4.410915954702216979e+00
4.450474339431485404e+00
4.419581233128196729e+00
4.347740673689550306e+00
4.384282232575826832e+00
4.294670620512045289e+00
4.421626932664294074e+00
4.431217230576134369e+00
4.422998154869617338e+00
4.374186330637212627e+00
4.360026501821862688e+00
4.497158249428392374e+00
4.453588616631943609e+00
4.391564747027243421e+00
4.500207859326818216e+00
4.412769807294723456e+00
4.436521615662801565e+00
4.367278242893896767e+00
4.482756343997410298e+00
4.384805069391036092e+00
4.436470197217582623e+00
4.473999364254457767e+00
4.395102730948867276e+00
4.582969224215662329e+00
4.337258720695071013e+00
4.448383458447285221e+00
4.409440832571323021e+00
4.449913815855181198e+00
4.411185441745422153e+00
4.391510539663523005e+00
4.410855187327459959e+00
4.369378276248309767e+00
4.261701515528119266e+00
4.515613365182796102e+00
4.296061072225390021e+00
4.345024340762645210e+00
4.497454595564287949e+00
4.402306010481829901e+00
4.354442069894511214e+00
4.429576386299212132e+00
4.444379385087906087e+00
4.421313271180973281e+00
4.372684940962201061e+00
4.441591648003710091e+00
4.359612420741280303e+00
4.474150760814622707e+00
4.532276512260509982e+00
4.567994601156381229e+00
4.383082594934358589e+00
4.265643975091147233e+00
4.320198655762379047e+00
4.524655213278388821e+00
4.391993306845404454e+00
4.369341951452350159e+00
4.372687239267094128e+00
4.430105029266422356e+00
4.296822590751334658e+00
4.516973553061641944e+00
4.333041438173373727e+00
4.528945450755137436e+00
4.406394717229015434e+00
4.316539021534347320e+00
4.366836239480930359e+00
4.496169803166989887e+00
4.291080362578211016e+00
4.332348047413343117e+00
4.438369726864014986e+00
4.366446236784843116e+00
4.581782677535148451e+00
4.495234512643268232e+00
4.389318387550170897e+00
4.457921735632769611e+00
4.481253678936534257e+00
4.409170581644139553e+00
4.361057371126737969e+00
4.549515131190823958e+00
4.420316040804263658e+00
4.583148900656959235e+00
4.451526687072953514e+00
4.511421585442549897e+00
4.375711994312633024e+00
4.330515112049395654e+00
4.484502137809970534e+00
4.438541609846243574e+00
4.389090253763806793e+00
4.422801226282675024e+00
4.510773521308181877e+00
4.382989064169345639e+00
4.472791842891497005e+00
4.308821154621639948e+00
4.398189390238876229e+00
4.339629307379083478e+00
4.349856449214284382e+00
4.459142439735474639e+00
4.397912309551062826e+00
4.331386841675301191e+00
4.393366955113647165e+00
4.438538223692671814e+00
4.510347545720396312e+00
4.479669191553804275e+00
4.345640228601319599e+00
4.461676996468955103e+00
4.387594515430493836e+00
4.299228926917086469e+00
4.409014226942429282e+00
4.416786750878699763e+00
4.456874392114896999e+00
4.497933625093252452e+00
4.384332867725851735e+00
4.545271525837354609e+00
4.382547369574246510e+00
4.455521529401724301e+00
4.403703425027516438e+00
4.337058848194295102e+00
4.395689240939496756e+00
4.306973360235681447e+00
4.386359858454970784e+00
4.521188812309708815e+00
4.587901830694013583e+00
4.429151211053960147e+00
4.368296032174261434e+00
4.429976104534629755e+00
4.482420766429579650e+00
4.374557825471030448e+00
4.414956455900762577e+00
4.471395267460133383e+00
4.349805396646218014e+00
4.348678781706196261e+00
4.349470959854005336e+00
4.440562352188495154e+00
4.395582054632637181e+00
4.243630326581446788e+00
4.381407390531260937e+00
4.459676377263284586e+00
4.507365232320900361e+00
4.437915320303726041e+00
4.497752449160878463e+00
4.563080126673507486e+00
4.415424157570172703e+00
4.319146506515912698e+00
4.552810669167589808e+00
4.323965339248249329e+00
4.433203222889137152e+00
4.377647278534062103e+00
4.433336286208683141e+00
4.412821818228234605e+00
4.358198953864082625e+00
4.519915124081696156e+00
4.460106123034798031e+00
4.459072383355269231e+00
4.402081250179175065e+00
4.466672636957381926e+00
4.395066111575485657e+00
4.533702227598157997e+00
4.479940922490465383e+00
4.584830450685517533e+00
4.382832550653906090e+00
4.432904883749714031e+00
4.304612561197711962e+00
4.328702333734755214e+00
4.423714899445354121e+00
4.436564934702892593e+00
4.421010909530109778e+00
4.424691245417685437e+00
4.471981568926002737e+00
4.447311094197290871e+00
4.517501558054522803e+00
4.487391542476586892e+00
4.469785982517877621e+00
4.553909625218608426e+00
4.485326945069362026e+00
4.427505821485725690e+00
4.333193113453727818e+00
4.394339882731121527e+00
4.459569404130673931e+00
4.471533152988977911e+00
4.290019885812108136e+00
4.520770318310061597e+00
4.492973486654164184e+00
4.324931593385872297e+00
4.375392418648067050e+00
4.402660410514167566e+00
4.402240079206259260e+00
4.435756586687100267e+00
4.351133561249667103e+00
4.412987522135347618e+00
4.452827130556054058e+00
4.319464560562329858e+00
4.484346348046224229e+00
4.535612082185696892e+00
4.326334149732597112e+00
4.333352426183753714e+00
4.441839866854703445e+00
4.583200767319821622e+00
4.327003319374266965e+00
4.483968524495717922e+00
4.311043246633984971e+00
4.424585346790117057e+00
4.451109171541945742e+00
4.584670001459307365e+00
4.231556145013000148e+00
4.428299795404443628e+00
4.332531136569101271e+00
4.403111723953603729e+00
4.377489450532612736e+00
4.565228248089981733e+00
4.324087821188872915e+00
4.397137457519126436e+00
4.493951224831509883e+00
4.570911236448092829e+00
4.513188653226588798e+00
4.551153482578293108e+00
4.359830087764401618e+00
4.352566058622672429e+00
4.407829197615553696e+00
4.295710834177688398e+00
4.426475636231923083e+00
4.390134175254678972e+00
4.521648141153534972e+00
4.547218549707581658e+00
4.524369872050813868e+00
4.464134715076776949e+00
4.344244071304588672e+00
4.484006630330675591e+00
4.257950842984360662e+00
4.458785730807234060e+00
4.465214469613443704e+00
4.380532870759324737e+00
4.314311354018644629e+00
4.486183557317166226e+00
4.767803106822553261e+00
4.411945625677730298e+00
4.353563265852172570e+00
4.518982252431690938e+00
4.412897119505916343e+00
4.387110104644619035e+00
4.329597372781944564e+00
4.407370980776458502e+00
4.383536068383789619e+00
4.347157282129288980e+00
4.264115299943894044e+00
4.454892653901397992e+00
4.373404192076003838e+00
4.415748681778497442e+00
4.490734795846321070e+00
4.424164739314944583e+00
4.465438660021474604e+00
4.483687044877197714e+00
4.387309099598392770e+00
4.362706286413875922e+00
4.448465119978697757e+00
4.404693606682116958e+00
4.267054720056043138e+00
4.340167877710011446e+00
4.465036068532851843e+00
4.355545126001393541e+00
4.339280382730227537e+00
4.356598310567429522e+00
4.512292219095638934e+00
4.290101017779239356e+00
4.372284054684456578e+00
4.367084747455495020e+00
4.462115314899040008e+00
4.420983236070501476e+00
4.424560897045092922e+00
4.330355439279357732e+00
4.343226502025890667e+00
4.544136602272250691e+00
4.354444001443039447e+00
4.357236076531858515e+00
4.445294001517043014e+00
4.354681530145293245e+00
4.424974815656999461e+00
4.382792272056381222e+00
4.412802237194622279e+00
4.463255741093806073e+00
4.377728887467696950e+00
4.465415046391358445e+00
4.408651456647740829e+00
4.370501504799724657e+00
4.522945459231837440e+00
4.433008186829418662e+00
4.365856929387613050e+00
4.552217676098334387e+00
4.537585776358388223e+00
4.487065836428274501e+00
4.375101716246174277e+00
4.441146553667206121e+00
4.451535351570999666e+00
4.420430735490646690e+00
4.422897373382055797e+00
4.430500671817702241e+00
4.460275018113840417e+00
4.554041644186950677e+00
4.423995383807012516e+00
4.527430444156800071e+00
4.396828172557909475e+00
4.415207735292591806e+00
4.523243812536688502e+00
4.395416514617076054e+00
4.426727236512859598e+00
4.265116568068408220e+00
4.409428483881150385e+00
4.324922438241288525e+00
4.425597114997331438e+00
4.310660638754295171e+00
4.401408721911050925e+00
4.356690606876094662e+00
4.372469786766387756e+00
4.404981304270449982e+00
4.404254910253483146e+00
4.519856110154856665e+00
4.382525208067485245e+00
4.359600826251467609e+00
4.487337656900200145e+00
4.445457890477518603e+00
4.487134994515607822e+00
4.460251541072524084e+00
4.506099854819483497e+00
4.414163999993212961e+00
4.502047165748328972e+00
4.413073525514253248e+00
4.328970561969124553e+00
4.527224520074503822e+00
4.468939773759839085e+00
4.359827126852509060e+00
4.486929763126087600e+00
4.353173098461128099e+00
4.434439960942724746e+00
4.457674158077648663e+00
4.420193625227610390e+00
4.393282547937758409e+00
4.404060318710783406e+00
4.432873922706901837e+00
4.352692611680950563e+00
4.471556109203590701e+00
4.472049655846312533e+00
4.546156351452974143e+00
4.423734187380554239e+00
4.374607974062726612e+00
4.521506274140762116e+00
4.480808167110420293e+00
4.483962164898448677e+00
4.374921079844527050e+00
4.355498347165983830e+00
4.457338182514625657e+00
4.480254138102704786e+00
4.494037076795052599e+00
4.626596412913028367e+00
4.429855053424105016e+00
4.364148552584548035e+00
4.474851584671506899e+00
4.566376366472634452e+00
4.479100257587945499e+00
4.391598044097750453e+00
4.508904698321950733e+00
4.365976438133199800e+00
4.362683996902099182e+00
4.377104442887533864e+00
4.338624657836334109e+00
4.520121563604488024e+00
4.357201977556915296e+00
4.403875364768963685e+00
4.311450309384978752e+00
4.390731354587485313e+00
4.601060262139738732e+00
4.484448402566714620e+00
4.443994015876738146e+00
4.565414729592149889e+00
4.466034431786818359e+00
4.408515031739341339e+00
4.439570111510547257e+00
4.457371481708124250e+00
4.350692052460775727e+00
4.384900270984914528e+00
4.310178746370052494e+00
4.419837894609266904e+00
4.509137500136703558e+00
4.439681919581650149e+00
4.396914820327313400e+00
4.523080995648401270e+00
4.612122707336721028e+00
4.279058982165696357e+00
4.323124056075998034e+00
4.492592589018463478e+00
4.449328328989568426e+00
4.483363436756856224e+00
4.456116741044341190e+00
4.455556526581207599e+00
4.490481883994572598e+00
4.413685308328462398e+00
4.328007844559939699e+00
4.521998750177179893e+00
4.418111735786163230e+00
4.616339956504225128e+00
4.289305767189630636e+00
4.498231713139279719e+00
4.392369946433535510e+00
4.305122920596627267e+00
4.420233802413797264e+00
4.441345242479721733e+00
4.457667446774815190e+00
4.387143802984815544e+00
4.402303871726820361e+00
4.344011802070774309e+00
4.428460425856907356e+00
4.502254468846343727e+00
4.343141211013182179e+00
4.284888739246281553e+00
4.483330243251325342e+00
4.456296652834105032e+00
4.294396168790881596e+00
4.546034695345880117e+00
4.388729500788161708e+00
4.407568114021341188e+00
4.447142656673206851e+00
4.415682775933227333e+00
4.464079382709063459e+00
4.536730513695406586e+00
4.368300580960884361e+00
4.401026680276784120e+00
4.404944728161738432e+00
4.454876805195114642e+00
4.454391364042465717e+00
4.602640202012197257e+00
4.400216180423452528e+00
4.348443500068816192e+00
4.502639134012840216e+00
4.384469203848769148e+00
4.509747287229544099e+00
4.286658432535427998e+00
4.441908089075756294e+00
4.372552862268669571e+00
4.518482200137915683e+00
4.481733457078915350e+00
4.353121226305844971e+00
4.522178925675687466e+00
4.254084529363447054e+00
4.313325170165683176e+00
4.422469315400731737e+00
4.318857654987305672e+00
4.514105372440210040e+00
4.454866495285908279e+00
4.443041485151599801e+00
4.380646632582291033e+00
4.470142183633849520e+00
4.450486695935718551e+00
4.306084436300036344e+00
4.465116265922423722e+00
4.532302963386849015e+00
4.364760369550313435e+00
4.487668905735808345e+00
4.396181664756619867e+00
4.415904634496317982e+00
4.340814974710720087e+00
4.425888290741640141e+00
4.655373642459433192e+00
4.394297645396579632e+00
4.349398551685360381e+00
4.406519989646903390e+00
4.485221713874289584e+00
4.444231388262859461e+00
4.347373499448962342e+00
4.404626307152651243e+00
4.383638981907750143e+00
4.315681473847711835e+00
4.327915724948546483e+00
4.432932082106659344e+00
4.477227369636158194e+00
4.570608142291930243e+00
4.294618308432347042e+00
4.535317097875144476e+00
4.589853769286624363e+00
4.445353534913874860e+00
4.546654629513422918e+00
4.303329053774126223e+00
4.435040037382019129e+00
4.468327833996432297e+00
4.492310014652094452e+00
4.383642592342642530e+00
4.451254695948161810e+00
4.345893421949641677e+00
4.481161455187457676e+00
4.530940144231727196e+00
4.515222229521567598e+00
4.340279017235647352e+00
4.389241114708930525e+00
4.574921706044102976e+00
4.487383411335827965e+00
4.552492031085852986e+00
4.438833072550306902e+00
4.416393878177992782e+00
4.397088716549102827e+00
4.400268828429566348e+00
4.373385730931728332e+00
4.448891420661635898e+00
4.440884850105080162e+00
4.511204014242886196e+00
4.430278883268342405e+00
4.339028994735127931e+00
4.486077162284846764e+00
4.343918970414923919e+00
4.388907728713853373e+00
4.434107212837499645e+00
4.569128558613076763e+00
4.378959431765476751e+00
4.485654120139404455e+00
4.352771753945587463e+00
4.399932294576017533e+00
4.526507294276712834e+00
4.435024701665851943e+00
4.515464304159833020e+00
4.390755000836520594e+00
4.358444372444560955e+00
4.553059390746466484e+00
4.361967150600129628e+00
4.378105526102578970e+00
4.422088995209847440e+00
4.349674988445090484e+00
4.500053450585074444e+00
4.402340550317621393e+00
4.341502725699451837e+00
4.314787014378491214e+00
4.474890634767905162e+00
4.492468009545635965e+00
4.495774907228486938e+00
4.427809263305845455e+00
4.344651560058815143e+00
4.354394998182482546e+00
4.392497428009899174e+00
4.421261273836222472e+00
4.409836394116724456e+00
4.540564576540082165e+00
4.682600447970723501e+00
4.307972004491038120e+00
4.463226574638266442e+00
4.339175032838706869e+00
4.398528150811507054e+00
4.492397373899841284e+00
4.518564524901364621e+00
4.396535049894938929e+00
4.382368892467410681e+00
4.585449558460002351e+00
4.390750260048060127e+00
4.439284702044414388e+00
4.399820381441426065e+00
4.407159545634798725e+00
4.406685676617489555e+00
4.306369066582401040e+00
4.393917674161452958e+00
4.463679135472587767e+00
4.418504467489427157e+00
4.431399939023813239e+00
4.395151637763413000e+00
4.586965923828430824e+00
4.505273090711080286e+00
4.546237870376691248e+00
4.419207042417075293e+00
4.372961891709251425e+00
4.374620347075904192e+00
4.623038510162622572e+00
4.349111457676067438e+00
4.475800259673456516e+00
4.403091291056999701e+00
4.386226824702526450e+00
4.433052493275445372e+00
4.522172729127858837e+00
4.372293008937973013e+00
4.477379789832395041e+00
4.423596344497935817e+00
4.361397457550915568e+00
4.576714046471110464e+00
4.408511670908026758e+00
4.450196449924108677e+00
4.332935692448610432e+00
4.361201788833921178e+00
4.473960743365529957e+00
4.494834291842190410e+00
4.561525617117536235e+00
4.385720661157027855e+00
4.465619699070279225e+00
4.407230381607627479e+00
4.377977251533351932e+00
4.545891797965602166e+00
4.478566721228285807e+00
4.466922283230521984e+00
4.382240694512481660e+00
4.480709181042383804e+00
4.430091322828142886e+00
4.461832193614427844e+00
4.486319709750852702e+00
4.397843470033818924e+00
4.499330979289461574e+00
4.417148577802033849e+00
4.434104593748474876e+00
4.586778211650212711e+00
4.496245692572103714e+00
4.334988029714420321e+00
4.306600640899484134e+00
4.353323441271146343e+00
4.491807836097201800e+00
4.325191168812875908e+00
4.434631407123197810e+00
4.440330052443046682e+00
4.374100256619044558e+00
4.496972529820699727e+00
4.377375286293815115e+00
4.368970380387767527e+00
4.426858853123970761e+00
4.479661834621454730e+00
4.329267021319386011e+00
4.338038895275558637e+00
4.435017613356911248e+00
4.330191581988382055e+00
4.494669338447389251e+00
4.395580845460216324e+00
4.322420432989818373e+00
4.429949324632138641e+00
4.422358620373544547e+00
4.351658259233467163e+00
4.460406896314651704e+00
4.428000935612878664e+00
4.501386560192670139e+00
4.485881584135809064e+00
4.212081757949219352e+00
4.479420849372971247e+00
4.633400929843603855e+00
4.360425150004532568e+00
4.508643950529781286e+00
4.433203796593718771e+00
4.357270151477593778e+00
4.433202556917964721e+00
4.427952589052965848e+00
4.402200432900700733e+00
4.424720552467285906e+00
4.374396654339766322e+00
4.350667751048725052e+00
4.487011983381073321e+00
4.357175709746980097e+00
4.317390992488362222e+00
4.435970058261398563e+00
4.366329462599937372e+00
4.390280342381903900e+00
4.293120290824683494e+00
4.302826333340602716e+00
4.348447889886179141e+00
4.528517939247858060e+00
4.424277574004597646e+00
4.367552366918165063e+00
4.355268804242872882e+00
4.354384423561857176e+00
4.455948156799737880e+00
4.330219731530540628e+00
4.439511928083698322e+00
4.440538504062941705e+00
4.514620061003624230e+00
4.509423968537986660e+00
4.400578209184324407e+00
4.463874127688698401e+00
4.394524869726305738e+00
4.551146931977908316e+00
4.467340754780684264e+00
4.396411772360013792e+00
4.422671581495639437e+00
4.499352002074573420e+00
4.447693289709072850e+00
4.475009630661192617e+00
4.530215284210262539e+00
4.435566015750456614e+00
4.470824710271374514e+00
4.518361419659405520e+00
4.410503273821372083e+00
4.514682189571745496e+00
4.399063170664049949e+00
4.457383986113051755e+00
4.291563484115894944e+00
4.517420249663286036e+00
4.387398458684680591e+00
4.492741522699259527e+00
4.675982606645892936e+00
4.332840088583950866e+00
4.372194269932648147e+00
4.394542770598522274e+00
4.371833888565118897e+00
4.387851444735722417e+00
4.567230409828708204e+00
4.399968875608132990e+00
4.379480877862442334e+00
4.513405242775229809e+00
4.408316629156848521e+00
4.410790727531977318e+00
4.422499280459576632e+00
4.469339145618654641e+00
4.289819785990041545e+00
4.408517836095588116e+00
4.562546401414535602e+00
4.555960353652631412e+00
4.458497577644584986e+00
4.453916944333532690e+00
4.537801539633466774e+00
4.335085016438958050e+00
4.608390584558509140e+00
4.390233253129504298e+00
4.439768227553590130e+00
4.379580149602527506e+00
4.615366342187720683e+00
4.380407603002288042e+00
4.431110177372168835e+00
4.488578781444989119e+00
4.411788881099097281e+00
4.463287998776809040e+00
4.461074357605624208e+00
4.515817144226084601e+00
4.404680303074166581e+00
4.423118524919734895e+00
4.362450924677135689e+00
4.475652328305287142e+00
4.567236056589853987e+00
4.334207946373538789e+00
4.370508497492915367e+00
4.416445152248164696e+00
4.446611938807717657e+00
4.478919186648511186e+00
4.385751640594094170e+00
4.419926760589095949e+00
4.399552181347654134e+00
4.329614985311839526e+00
4.474152807853456260e+00
4.381698603962576932e+00
4.473879401474530226e+00
4.381907662068521780e+00
4.400195270712579543e+00
4.410638679136570595e+00
4.315932083761585325e+00
4.472211754342343859e+00
4.496971333995438691e+00
4.480472541836467038e+00
4.442475774600116445e+00
4.371977445824057895e+00
4.439504404906158719e+00
4.448527977040479975e+00
4.332017229832954897e+00
4.439818971582869089e+00
4.408159135172295073e+00
4.437114865731567548e+00
4.354998774755591384e+00
4.391618874668583139e+00
4.314123415691434538e+00
4.470160807868965414e+00
4.335022923857838606e+00
4.347591429457166257e+00
4.395506719451014455e+00
4.401933243142272190e+00
4.323317101408663987e+00
4.410448931402192407e+00
4.323146887427989249e+00
4.483493971710198700e+00
4.605405056204822323e+00
4.310527122413604140e+00
4.258578291761630830e+00
4.301141625380967781e+00
4.398221283652770985e+00
4.371862037495429121e+00
4.513944126035214666e+00
4.331911481111138329e+00
4.366927045848949085e+00
4.406168036760980122e+00
4.332922036999247162e+00
4.375831577043562959e+00
4.472631778321129126e+00
4.408364307005189886e+00
4.403104806092137835e+00
4.496393026978787510e+00
4.322897400798592749e+00
4.475245505190066808e+00
4.293212149313092141e+00
4.464294832089634291e+00
4.306927802436174346e+00
4.349145783478848948e+00
4.368255245540412446e+00
4.527591196728620204e+00
4.419533716119694589e+00
4.318790123215528354e+00
4.449738180672216714e+00
4.509967485875089110e+00
4.438983228404560499e+00
4.441632629266256238e+00
4.546645516529908448e+00
4.484321519687805235e+00
4.436972861631027776e+00
4.337589274731287858e+00
4.468473048602647602e+00
4.357620678540117254e+00
4.416819552293130613e+00
4.455793686294664546e+00
4.616431687637911452e+00
4.454458963491821244e+00
4.386016122744248236e+00
4.342325423871132628e+00
4.380195308687878430e+00
4.497760904242910307e+00
4.320066816512256658e+00
4.421402281453152838e+00
4.407051552365269131e+00
4.489652071368147368e+00
4.355972229010534491e+00
4.465380041298601554e+00
4.410579966333227908e+00
4.535397034575520792e+00
4.394453836127667934e+00
4.395338244200824640e+00
4.486823963085941891e+00
4.464099088099936274e+00
4.392479396446426598e+00
4.413747303984556503e+00
4.369467189845245514e+00
4.522111368614565308e+00
4.517997950551451147e+00
4.398423749890747914e+00
4.502414929919170916e+00
4.426803532152926657e+00
4.427807091087653468e+00
4.443165085950277593e+00
4.326035903173146124e+00
4.469817156225097676e+00
4.352427646506517256e+00
4.481408957823090233e+00
4.479494221225246875e+00
4.348758954977659741e+00
4.410936984091961222e+00
4.478091856676429394e+00
4.483279408270984590e+00
4.415850294402194898e+00
4.376070349010530158e+00
4.486673754106800693e+00
4.443894099068991466e+00
4.499822836017619565e+00
4.520495665356601300e+00
4.378122826629113007e+00
4.413290120879198142e+00
4.431226517096326312e+00
4.445109460705256588e+00
4.569905266749907824e+00
4.474504724336872741e+00
4.347606745079281687e+00
4.563664749880667948e+00
4.301605609602111358e+00
4.359734295286007644e+00
4.579780638624344924e+00
4.468782883528511718e+00
4.431758297352009102e+00
4.388494774493414852e+00
4.303529374189427159e+00
4.335157858845336776e+00
4.398254861101620783e+00
4.518216228374124732e+00
4.317388408385992804e+00
4.541656843748015149e+00
4.441317805762938775e+00
4.351509436134554321e+00
4.358489047977959885e+00
4.381639940570215330e+00
4.323795176922626382e+00
4.655291145412803644e+00
4.529329070717009742e+00
4.469359908942396764e+00
4.539805992449357674e+00
4.306737717084078376e+00
4.315031704375805077e+00
4.505017772748761473e+00
4.375048447353737657e+00
4.412021544143603258e+00
4.422048687429874114e+00
4.397817613865330877e+00
4.321009627217287097e+00
4.458981262120077282e+00
4.403393886632539278e+00
4.374577163866073093e+00
4.459501532691963810e+00
4.369465896343744049e+00
4.308374093415090478e+00
4.628547293376680472e+00
4.464629813738280717e+00
4.317682281477851269e+00
4.572866192067531976e+00
4.442460543557329444e+00
4.386575278370020925e+00
4.353283045622982073e+00
4.437512186987593310e+00
4.478409499624730117e+00
4.259984274133039150e+00
4.537248151023400844e+00
4.503404615471024997e+00
4.434248207463406644e+00
4.278854146046371376e+00
4.471590372176815542e+00
4.379439791003274962e+00
4.536375753669984690e+00
4.437789318651303105e+00
4.486262745909159300e+00
4.360053960419826069e+00
4.524358424962301228e+00
4.301321901324575592e+00
4.434197607067987157e+00
4.506691974792564892e+00
4.392475814619357877e+00
4.343023791110460330e+00
4.440578003549227937e+00
4.438261392505884473e+00
4.390169759038990094e+00
4.461232373467238332e+00
4.419926872604708734e+00
4.334155276676149526e+00
4.395137581308572017e+00
4.413137738486573980e+00
4.470775458513284839e+00
4.542503448085779993e+00
4.330604941864565127e+00
4.356504757963572061e+00
4.460488451134593468e+00
4.390240740468519753e+00
4.335721623682180947e+00
4.429840562296929463e+00
4.458811723087729995e+00
4.466177531650641797e+00
4.527231925631380882e+00
4.286384268773493211e+00
4.534749796033653801e+00
4.415083694234606781e+00
4.429795682948857838e+00
4.335734502603648899e+00
4.317430019783290440e+00
4.441279287248271146e+00
4.257741577363013619e+00
4.522367557700103013e+00
4.441196438073866659e+00
4.437913707826416143e+00
4.409161401461259899e+00
4.427229766497125851e+00
4.367928684202521339e+00
4.359049171275699130e+00
4.407541628912440501e+00
4.505317227489738841e+00
4.502977126953206621e+00
4.507150384882301353e+00
4.404563965402404691e+00
4.490660221842976085e+00
4.665284104479588301e+00
4.467458420550014964e+00
4.418636589926276059e+00
4.391096664024640717e+00
4.486171635671464486e+00
4.498183087585576168e+00
4.340492525277197089e+00
4.398764805422421986e+00
4.485826241011176663e+00
4.424389906295190578e+00
4.459442216991120311e+00
4.612366171266021553e+00
4.379702509952112521e+00
4.393970719055593221e+00
4.314313504672642630e+00
4.289130048468285494e+00
4.482278946662394681e+00
4.373105598772579761e+00
4.337985023455878775e+00
4.357342463882989847e+00
4.409467821104897212e+00
4.473938101946466794e+00
4.450610187420268815e+00
4.449835635279902668e+00
4.453832371918114319e+00
4.457229808662829029e+00
4.465912680835370629e+00
4.447028549405063202e+00
4.398920042009782705e+00
4.462900149406189065e+00
4.321285022408539511e+00
4.424413362624798118e+00
4.503008244217279632e+00
4.373203448717374542e+00
4.368881652176964892e+00
4.603430652529431732e+00
