4.804368414666641662e+00
4.837449310664032609e+00
4.837686926941676013e+00
4.825259849574402793e+00
4.805867763913139967e+00
4.804976234871085161e+00
4.776710632985996519e+00
4.911335409341746505e+00
4.827369280303379639e+00
4.903109479162670148e+00
4.840531803102874342e+00
4.807478660340459342e+00
4.960012520407657277e+00
4.865819116844008363e+00
4.833949488558527463e+00
4.777014371843801399e+00
4.993161394301404599e+00
5.004190932194021002e+00
4.966618354057275475e+00
4.798550741294890010e+00
4.952840025343821395e+00
4.812400389092242214e+00
4.813351335639059592e+00
4.861398818319903725e+00
4.746109330586104846e+00
4.810606548179114483e+00
4.887353851803614369e+00
4.822028830585294301e+00
4.868323924351792620e+00
4.889445898985495198e+00
4.920961329103332282e+00
4.834549917910507588e+00
4.812962373413521178e+00
4.851752748724527997e+00
4.753405299378307802e+00
4.781320276282851722e+00
4.892892015152080276e+00
4.889982564832969558e+00
4.803351988500883074e+00
4.931650426973005708e+00
4.748360652774959334e+00
4.764063787556770180e+00
4.814542978706104037e+00
4.865870951891966278e+00
4.882697607638162296e+00
4.873544261494170193e+00
4.795199094820519647e+00
4.765363561917772550e+00
4.840103096493583834e+00
4.848689491052350142e+00
4.901368216767809649e+00
4.808254971007843714e+00
4.884936212146238077e+00
4.949990758848884731e+00
4.752639359900996396e+00
5.044804137853380333e+00
4.836377850605345863e+00
4.780131154159053430e+00
4.804519029734340307e+00
4.776445581425901921e+00
4.852380998024427683e+00
4.814273072333098646e+00
4.890584055586260526e+00
4.790197937463802624e+00
4.784402351794724062e+00
4.846131738668882249e+00
4.894217153966094358e+00
4.849709380117560364e+00
4.961426942458444955e+00
4.840247030914818005e+00
4.936587305816592774e+00
4.825783644878115730e+00
4.851969963823222542e+00
4.842535273740335100e+00
4.857608804325777463e+00
4.824937022922567209e+00
4.844783251723576711e+00
4.759592093066233431e+00
4.911779440096602833e+00
4.943869261609521892e+00
4.865180519176522722e+00
4.797444645298855725e+00
4.759147297745592198e+00
4.817107050799176449e+00
4.794275069391749078e+00
4.769003644853953006e+00
4.839156954384425724e+00
4.853433563938790662e+00
4.883517542639509657e+00
4.756467773274126287e+00
4.792396920651708747e+00
4.815397103216695562e+00
4.790045828068980605e+00
4.897482022954041447e+00
4.845866889733563276e+00
4.808582256550504752e+00
4.894230514277088773e+00
4.775913916030896544e+00
4.910224894198192302e+00
4.789963009080112855e+00
5.015378714496325330e+00
4.838906230033706457e+00
4.888996273730147557e+00
4.844762183304861303e+00
4.958217889607137607e+00
4.861523487413996314e+00
4.886998435391109119e+00
4.879992016602229477e+00
4.798154573870244022e+00
4.898750748137018718e+00
4.881469798387898074e+00
4.783477671895348671e+00
4.920309587790766770e+00
4.829736007498351746e+00
4.864228143377918201e+00
4.861567632496347713e+00
4.784416317165137933e+00
4.828071948704508287e+00
4.710575839476871529e+00
5.000871065940622806e+00
4.924914534783579434e+00
4.823651079339438930e+00
4.854536182096811814e+00
4.923883895605068339e+00
4.900615103100916414e+00
4.756138694843150105e+00
4.836391189697157422e+00
4.796213402411248161e+00
4.891835952067159710e+00
4.880180653017200498e+00
4.923868181189337889e+00
4.788792124161850516e+00
4.795776518618030337e+00
4.810576653953495097e+00
4.891833894752841694e+00
4.826174546224167194e+00
4.878808989595525780e+00
4.825221308362952932e+00
4.905383552301675110e+00
4.881518432068929769e+00
4.935266622381984547e+00
4.833922737667824876e+00
4.881486992340916764e+00
4.902756481877225347e+00
4.848083323078503426e+00
4.847665135440729856e+00
4.811942504337902271e+00
4.942753028480742827e+00
4.797849989385666980e+00
4.953860243620884063e+00
4.898477553473655988e+00
4.767726900395119927e+00
4.807161415309280095e+00
4.852062784416710350e+00
4.766187880091997897e+00
4.927828555252849796e+00
4.782116799210935021e+00
4.774772303894055270e+00
4.775222365568110305e+00
4.803125469115447466e+00
4.891111944243619725e+00
4.865791140017439176e+00
4.857606810085388638e+00
4.801602890576161187e+00
4.730855159834650436e+00
4.856857652922792923e+00
4.822707887125702975e+00
4.856071941265192926e+00
4.815565773723732512e+00
4.853235223413092214e+00
4.906873122340389415e+00
4.841827032025955546e+00
4.930629394647866093e+00
5.093409692128406441e+00
4.836111930281800753e+00
4.848589472140813150e+00
4.986536228525162429e+00
4.837852568058584879e+00
4.842579884180882033e+00
4.853869296095910890e+00
4.791965204846962756e+00
4.867960065563490701e+00
4.828913658941162979e+00
4.854432161070577401e+00
4.884155165978798507e+00
4.854441151219979211e+00
4.921156903803041160e+00
4.875755758308113030e+00
4.758955124262594261e+00
4.797863669750840998e+00
5.000261267199664239e+00
4.932903580694320667e+00
4.843627853509392622e+00
4.892414719817524293e+00
4.825771296389799403e+00
4.829733585288490616e+00
4.814615505006520024e+00
4.830896973167445374e+00
4.817069217657761193e+00
4.890135815223887406e+00
4.804226138986028793e+00
4.943879890611983186e+00
4.827598505320518818e+00
4.789455980697744586e+00
4.905166008279237211e+00
4.765525285152827806e+00
4.772690351401114306e+00
4.808309836113321190e+00
4.998842227881191924e+00
4.760630327025530129e+00
5.042019712576419010e+00
4.947624090027137989e+00
4.809128771556107296e+00
4.875342473556361966e+00
4.854725052017133891e+00
4.952980118286339994e+00
4.879808470994487557e+00
4.991456492283929514e+00
4.977397369438866903e+00
4.778705369179180096e+00
4.831552368872206848e+00
4.806825601523330604e+00
4.788247826215406455e+00
4.802813142470662378e+00
4.908632042667489870e+00
4.903221712397164644e+00
4.924801094074283903e+00
4.828595309144103176e+00
4.911647959383280693e+00
4.807037957850735843e+00
4.848666180593484754e+00
4.984217954183519872e+00
4.919214310488434272e+00
4.765336060494191450e+00
4.846133209038995915e+00
4.839542330267606829e+00
4.825671012824394701e+00
4.855084196396830087e+00
4.859150904150557615e+00
4.841682627293469210e+00
4.905324451825645582e+00
4.989206917569321220e+00
4.896549133951338284e+00
4.852657121474197588e+00
4.912516255364303142e+00
4.802127003780699788e+00
4.920304923938460639e+00
5.021687606031697726e+00
4.818440859984436386e+00
4.732292059270994500e+00
4.807249342574620776e+00
5.003533043599303731e+00
4.808396463086889838e+00
4.829762346484638869e+00
4.803851788813106261e+00
4.968196562423800700e+00
4.741410884897003797e+00
4.794628235760922230e+00
4.873780965174073998e+00
4.833468000887100935e+00
4.896965008779235795e+00
4.835202119802298526e+00
4.904901494600526490e+00
5.008578733887617318e+00
4.871044856828823377e+00
4.908877974048086124e+00
4.823036532983854485e+00
4.895574119110160716e+00
4.881678226953181543e+00
4.770641822203760540e+00
4.748199829900340063e+00
4.824512542555438266e+00
4.921458172168432732e+00
4.877128642340161413e+00
4.902667700350187729e+00
4.872942340746393874e+00
4.785371772310470284e+00
4.803516237273044887e+00
4.932351679331592464e+00
4.819293099063987285e+00
4.765850790040603968e+00
4.950447051825694444e+00
4.843947540930311213e+00
4.877108620500765213e+00
4.853040799632947433e+00
4.881484805788001147e+00
4.825875960563020151e+00
4.929089975317982208e+00
4.909956942066707519e+00
4.874371234281480447e+00
4.824749182961621585e+00
4.823353054930342054e+00
4.818723639444039364e+00
4.850173240057096713e+00
4.863709380962245810e+00
4.920416406698588041e+00
4.924703955533256128e+00
4.865122944122956206e+00
4.892514978791063562e+00
4.824916350002330212e+00
4.824712728550131224e+00
4.743681246510468519e+00
4.825882877336691301e+00
4.803117155728034327e+00
4.896212047139345991e+00
4.944127699288300093e+00
4.848633856246013174e+00
4.843356578766444542e+00
4.853276450186969626e+00
4.834685600209795098e+00
4.807747680395880074e+00
4.805657076472517275e+00
4.815557804282548204e+00
4.803153308797446286e+00
4.862252057541277317e+00
4.830461297587276270e+00
4.847410035400273820e+00
4.765395842664550408e+00
4.950020971832172378e+00
4.887088705296453561e+00
4.909011493898002065e+00
4.862668758004190295e+00
4.874399656050134588e+00
4.883860045030404606e+00
4.826741031201798648e+00
4.882666460787508989e+00
4.719408214832607307e+00
4.965126852412806713e+00
4.958725980899537866e+00
4.823893658312812249e+00
4.851465389421202978e+00
4.822493034346292617e+00
4.808951981182129742e+00
4.814869858629084121e+00
4.877313564652208555e+00
4.815256775649590537e+00
4.890240097215955650e+00
4.984963494121049443e+00
4.856300963311823260e+00
4.899375565279920686e+00
4.765163164384241590e+00
4.835299025126218453e+00
4.818235031192058315e+00
4.790352351084168347e+00
4.774473462383078015e+00
4.936191114431288440e+00
4.850523508014239482e+00
4.901642662877041090e+00
4.906516496268189975e+00
4.886029305507917364e+00
4.882031161462601965e+00
4.855527266558316235e+00
4.757658927628734880e+00
4.797591278008124682e+00
4.764999943036862362e+00
4.968774508218858799e+00
4.914171114862161183e+00
4.987353442445603413e+00
4.772377196182249648e+00
4.865063392471957293e+00
4.849442409375599894e+00
4.781782797066044921e+00
4.754010533397686089e+00
4.843981287027601113e+00
4.814775843670620503e+00
4.898572165885578755e+00
4.887098654378282170e+00
4.906048243357450822e+00
4.928221546423408483e+00
4.776758829366319681e+00
4.878981122526457881e+00
4.846393971749957785e+00
4.805804006066104250e+00
4.873186995145433187e+00
4.936806835055293163e+00
4.942162128297843182e+00
5.070834935537646970e+00
4.832451671849416819e+00
4.767793262819694178e+00
4.953447525966727660e+00
4.834366158463380359e+00
4.833321500487628875e+00
4.778574989785556504e+00
4.771723825838286359e+00
4.891802112070266162e+00
4.812796187033185902e+00
4.830885475028967591e+00
4.735898193151816038e+00
4.846999663686649029e+00
4.823733447414856990e+00
4.832043669064807645e+00
4.779277416277773582e+00
4.892474278749984862e+00
4.770463051343258876e+00
4.860628822951131411e+00
4.811651798081498121e+00
4.828758444466273225e+00
4.941198637602553845e+00
4.864912019547318778e+00
4.924469783380434507e+00
4.925073568133078616e+00
4.903356720982171346e+00
4.773177637929428840e+00
4.933188705027571785e+00
4.776179457637384829e+00
4.833247760420113615e+00
4.881654712139225083e+00
4.945570418758762798e+00
4.820058936065306554e+00
4.830600683650268401e+00
4.747383373248563743e+00
4.833857759285256961e+00
4.896019070608582879e+00
4.777741904137355000e+00
4.885586683902485738e+00
4.950026712576157450e+00
4.877106189544773152e+00
4.891910780951270077e+00
4.764010653371289372e+00
4.872321166993486941e+00
4.812059286787421009e+00
4.856709474096882140e+00
4.823821014390428985e+00
4.826027887742576183e+00
4.784366445967879855e+00
4.845586556821201540e+00
4.958496808915474396e+00
4.900849442799975364e+00
4.890283734369704760e+00
4.699909655779817896e+00
4.809312279466840145e+00
5.008714634060199344e+00
4.838865101353185594e+00
4.835244202696021176e+00
4.802097106302291252e+00
4.796971341558987412e+00
4.810867509459631819e+00
4.919894574456390224e+00
4.814673546288050332e+00
4.798793543112604532e+00
4.965174642976082353e+00
4.773122143837881026e+00
4.775379755318969188e+00
4.736140923101808120e+00
4.816236729170050523e+00
4.899654383196945240e+00
4.831196359810915553e+00
4.889000360903649423e+00
4.802892674553842944e+00
4.904533376295418634e+00
4.884583565624524226e+00
4.802321729492207147e+00
4.753338683991417568e+00
4.891424532065205888e+00
4.868169829484004119e+00
4.776943304539128299e+00
4.851016925951372016e+00
4.828057641856510429e+00
4.813627430583941269e+00
4.827108487378414914e+00
4.860179719228976403e+00
4.919359741568547051e+00
5.023900690606704522e+00
4.912576519911277195e+00
4.901635543409394558e+00
4.840646205104019550e+00
4.951891402502074158e+00
4.953210709100983600e+00
4.848535523873763076e+00
4.872042381312801318e+00
4.796054107025006452e+00
4.876192079086640874e+00
4.773116213693204379e+00
4.934633280484309381e+00
4.807309934993763356e+00
4.810508587342067877e+00
4.901566275940744788e+00
4.811119343534834059e+00
4.891653378406515706e+00
4.921792237076835441e+00
4.818208666410133567e+00
4.895914055924506236e+00
4.752406638906056635e+00
4.730050290326113682e+00
4.764914423075096828e+00
4.891135232537191513e+00
4.833009983518461894e+00
4.854745605595511826e+00
4.824951331043314084e+00
4.850632743645061140e+00
4.811550084587270959e+00
4.912082651588340454e+00
4.906034225570592433e+00
4.901328252059889756e+00
4.785572783324485435e+00
4.842317282388434840e+00
4.923104632937457481e+00
4.904946977743310121e+00
4.792219270414041610e+00
4.893665543454995159e+00
4.800493012564228223e+00
4.837298692171021486e+00
4.936031832149362586e+00
4.841242917757892172e+00
4.783370398144980662e+00
4.858357419055904458e+00
4.925991835827072229e+00
4.803315142103819824e+00
4.838708246828987924e+00
4.823101997036183697e+00
5.031799389843064851e+00
4.856166754211817427e+00
4.905413451876663444e+00
4.836182099188027550e+00
4.876752602872677755e+00
4.964460437916848434e+00
4.849159222391334900e+00
4.848305668690498393e+00
4.762304236702606275e+00
4.843212334908443495e+00
5.089343290945699039e+00
4.770110317711975689e+00
4.744604501119948914e+00
4.771806599720218145e+00
4.781717956297312888e+00
4.834721784125896704e+00
4.815944349116559664e+00
4.861582110270754598e+00
4.791376388046137080e+00
4.897062853933360493e+00
4.827841702648908218e+00
4.913049798271357460e+00
4.924632833782633945e+00
4.729645866081559014e+00
4.816861700769253574e+00
4.848072677884866621e+00
4.787554900302450456e+00
4.906863059495737645e+00
4.778293983624471331e+00
4.794138325230505870e+00
4.832728817090981899e+00
4.804094351740833879e+00
4.804405361869447333e+00
4.861994353782740141e+00
4.819032381977854662e+00
4.914447073846616831e+00
4.878904876620867803e+00
4.942408859687525080e+00
5.009895903704368436e+00
4.786209124067510423e+00
4.951943344015035109e+00
4.985624099834473633e+00
4.829610321443506216e+00
4.860238546759605427e+00
4.890684259766168829e+00
4.882283504611002911e+00
4.836429165108780737e+00
4.859637384745597366e+00
4.824545787964225063e+00
4.983380681956277591e+00
4.974315947159260176e+00
4.906046433946031904e+00
4.760244311023479113e+00
4.812472160823155320e+00
4.905433630786792065e+00
4.759551667311701095e+00
4.830861618213797115e+00
4.798034316239557562e+00
4.939137475767195085e+00
4.815088328936591999e+00
4.971036209416032747e+00
4.819200488315174447e+00
4.906321464849656699e+00
4.848952588963621579e+00
4.879006063945559468e+00
4.771418585305299942e+00
4.893362084579676363e+00
4.839590772067768221e+00
4.774437087262316304e+00
4.759914747967433080e+00
4.838941410050170866e+00
4.796239837029018460e+00
4.905964206120788873e+00
4.696792968188129080e+00
4.857188923852644002e+00
4.789769686418768657e+00
4.859636151240060542e+00
4.737204488196521623e+00
4.909890920961648142e+00
5.069208917055199493e+00
4.789474291225462643e+00
4.828036013620333300e+00
4.815276588877325459e+00
4.859925807750488325e+00
4.918871658001468639e+00
4.808682059797695807e+00
4.872169495229597302e+00
4.795206975287332973e+00
4.786818672919085138e+00
4.843535686690569442e+00
4.835128049459062716e+00
4.832373886063501267e+00
4.901605672623206900e+00
4.852664028592769796e+00
4.960079835751532329e+00
4.869963057281887053e+00
4.880815402591524688e+00
4.734311479823841040e+00
4.749686772574537308e+00
4.856897095371365936e+00
4.865881005957564120e+00
4.777679374629407505e+00
4.843519914675726845e+00
4.957259491518765770e+00
4.892334379413496137e+00
4.858148779273575357e+00
4.857718527664269814e+00
4.947398962714800064e+00
4.855744721864136970e+00
4.989946592978610873e+00
4.891384388788199367e+00
4.883338893059121943e+00
4.905342953752425572e+00
4.705302347374916039e+00
4.928698798951177906e+00
4.925651532078746619e+00
4.760204963001291034e+00
4.942042593055330002e+00
4.835435721910575246e+00
4.868209761209412179e+00
4.931431654403924725e+00
4.885509919019351166e+00
4.766038869685143453e+00
4.800721325206898982e+00
4.812080112034458068e+00
4.840959071487509924e+00
4.850542605287801123e+00
4.761012606952690795e+00
4.816179014514792911e+00
4.839749052183050182e+00
4.844539630038411815e+00
4.891721751227677828e+00
4.801004735144926094e+00
4.776346140516886329e+00
4.773339864899447171e+00
4.837890916246033512e+00
4.710145941861553887e+00
4.848748353670313094e+00
4.860945732271500397e+00
4.860222833649394225e+00
4.877904988211879456e+00
4.784338659005551442e+00
4.844221974779127748e+00
4.872630005553131305e+00
4.822166773660222283e+00
4.800174978361376077e+00
4.778257081600508549e+00
4.848638290127158079e+00
4.838202067151655683e+00
4.851914177403463313e+00
4.942544515959458984e+00
4.825112105432901366e+00
4.749884940715088710e+00
4.909262457229165655e+00
4.946790434772647238e+00
4.984213195763308235e+00
4.823682348007349852e+00
4.897088371833885567e+00
4.783114499896115923e+00
4.758079063310981738e+00
5.029543469716470483e+00
4.822897921138292077e+00
4.778829309141562121e+00
4.883802338903117324e+00
4.859904749147099245e+00
4.908020244260822729e+00
4.900399045151820232e+00
4.923416285541978077e+00
4.750889385840409318e+00
4.798572918594779857e+00
4.844788413584518061e+00
4.822499885354945448e+00
4.775096919601611312e+00
4.835661904182748216e+00
4.883430665322928022e+00
4.833692340948092081e+00
4.762405704149283991e+00
4.787408312641265873e+00
4.832908550263184111e+00
4.739111534424005789e+00
4.874817595757102495e+00
4.822611586162060426e+00
4.837797315824110100e+00
4.792987029805397370e+00
4.905152686564795417e+00
4.928183440458595577e+00
4.768095729690463358e+00
4.847213050337800588e+00
4.841388951827022780e+00
4.767439312350222558e+00
4.915176139433709679e+00
4.770786464553204098e+00
4.738818165684415717e+00
4.814565906723027311e+00
4.874009117110093214e+00
4.802044204016895357e+00
4.861105619570293968e+00
4.928059246499071122e+00
4.864370316899588431e+00
4.843251524625464377e+00
4.999777640225712361e+00
4.865852488952284283e+00
4.856832965824303017e+00
4.865191809519476607e+00
4.799071744850465393e+00
4.830718937811830926e+00
4.813779133170145386e+00
4.767879359207807255e+00
4.904315965086300189e+00
4.817607878087640572e+00
4.896684412691496568e+00
4.821940353606933627e+00
4.878029005380682293e+00
4.827496623655446406e+00
5.011604166699063612e+00
4.927076484722236138e+00
4.808452394748734982e+00
4.739167399869696595e+00
4.874372064575921648e+00
4.794765194869492042e+00
4.831923521160152113e+00
4.815530749973053304e+00
4.923565506301743611e+00
4.959132630973362765e+00
4.900721350577814661e+00
4.777037410023717179e+00
4.855837928542057647e+00
4.976614142214995873e+00
4.767771838662064887e+00
4.806348777078137680e+00
4.700454418092376407e+00
4.781127064098117607e+00
4.869168095183407097e+00
4.879137655374377047e+00
4.935377093003529225e+00
4.809922631531689419e+00
4.865578232270745040e+00
4.883948062767486498e+00
4.885418084388273741e+00
4.905209091526445242e+00
4.752750827462089767e+00
4.714645326365896949e+00
4.740484101064007305e+00
4.840184646314142469e+00
4.822456306583843499e+00
4.819428943832051893e+00
4.935295115303529379e+00
4.804617877762176192e+00
4.784283599346387028e+00
4.907030290834505593e+00
4.811933079284553827e+00
4.797284054272155984e+00
4.715573980411354782e+00
4.823575623252366107e+00
4.762616319890296879e+00
4.847952328536534239e+00
4.828800190648532720e+00
4.798202381425721086e+00
4.884349402760578940e+00
4.905475184240549069e+00
4.930505758954816464e+00
4.862998451520474497e+00
5.008813137133651061e+00
4.970800952599104150e+00
4.831098721380348238e+00
4.862850626751264116e+00
4.802624759224753959e+00
4.812807127590748912e+00
4.865044579694306925e+00
4.868837248084765257e+00
4.895325854393107079e+00
4.848989786380160538e+00
4.864671407673872849e+00
4.863512357033477507e+00
4.974873659990704411e+00
4.920757608641245895e+00
4.881776681043188404e+00
4.997639941784441930e+00
4.767740912507099971e+00
4.848587020418337445e+00
5.115885168017066498e+00
4.885054451545550513e+00
4.885002517251090914e+00
4.801407358565560557e+00
4.872272641051376141e+00
4.881969610854016928e+00
4.903395608319662813e+00
4.888035270127411458e+00
4.825403204778980992e+00
4.954318595523711899e+00
4.851293728932327909e+00
4.820653253594485044e+00
4.893846523571179219e+00
4.942498704524775910e+00
4.806354247185054440e+00
5.059567907968417266e+00
4.888153778186096865e+00
4.760330837138280202e+00
4.919513524591704545e+00
4.806262514001863551e+00
4.881421289467488656e+00
4.877777874092398491e+00
4.894606984375980296e+00
4.753575453226938308e+00
4.762748026480903007e+00
4.886699333037109128e+00
4.873671432152981708e+00
4.737651235617954981e+00
4.839797501263994661e+00
4.972207193260147484e+00
4.810701475482390244e+00
4.776947585557884679e+00
5.000516419623271425e+00
4.906219740866194279e+00
5.062835577083860450e+00
4.889064264700846429e+00
4.852216492826046057e+00
4.935176074912472011e+00
4.829966486257018410e+00
4.959231337374446547e+00
4.778939019215464157e+00
4.841824440384907113e+00
4.908586220919426424e+00
4.833711787500918788e+00
4.800785163590435722e+00
4.762118697770429065e+00
4.848657541184087982e+00
5.005292807368375563e+00
4.837489533158785271e+00
4.848579915323712797e+00
4.764312372953023456e+00
4.813645919030413722e+00
4.900156819171168188e+00
4.715935813836858337e+00
4.925402202637497950e+00
4.837338100366237015e+00
4.804601045997530129e+00
4.935046741587569841e+00
4.884369064826975304e+00
4.865820556260335827e+00
4.817784372451727748e+00
4.799565756863923838e+00
4.911962824718482779e+00
4.834441840768136878e+00
4.847930050503634902e+00
4.805864590798944569e+00
4.795004924760211118e+00
4.871473459079649793e+00
4.816434098217899695e+00
4.791043404799865790e+00
4.839429814022142118e+00
4.811571064821213106e+00
4.847721772148712027e+00
4.888436677242585127e+00
4.849541781951212549e+00
4.933057275601526293e+00
4.843990720234124581e+00
4.868686139322360162e+00
4.819714853996615922e+00
4.774270794714351673e+00
4.860437203272113038e+00
4.817094134237140501e+00
5.037143764682155300e+00
4.900073029774340228e+00
4.780141432793557854e+00
4.875912401676024466e+00
4.862846706256082285e+00
4.826737568448037585e+00
4.795370795750262261e+00
4.759396468229928345e+00
4.976206362829858065e+00
4.838344096423587537e+00
4.796440074216605787e+00
4.867279739457152310e+00
4.831933128134679123e+00
4.756849645983081132e+00
4.847036267382033969e+00
4.846048704852656819e+00
4.886243386677061373e+00
4.824220656555214148e+00
5.000360559902922830e+00
4.831300805487915184e+00
4.919212608450325597e+00
4.765657442832720747e+00
4.781560885674112527e+00
4.838188706577789766e+00
4.830160148863472891e+00
4.874213831356911442e+00
4.873061705745642236e+00
4.881040978316482537e+00
4.863153063400403653e+00
4.823693768651666325e+00
4.799258516642092687e+00
4.783414431831013225e+00
4.805687385626776553e+00
4.875885012439301391e+00
4.823088035615816338e+00
4.827183514274647536e+00
4.809124829438349735e+00
4.986032951560919635e+00
4.730142155175636631e+00
4.816560990574605405e+00
4.831443928014246936e+00
4.876792333636117860e+00
4.779640308349652145e+00
4.831253916401591297e+00
4.923187140852151700e+00
4.817169603745920625e+00
4.973194564482544600e+00
4.831516655147297890e+00
4.839073061780886142e+00
4.843638911827014226e+00
4.838414098315134027e+00
5.020243393542173749e+00
4.868079066791711540e+00
4.834892749948935808e+00
4.820108794039350997e+00
4.845091144853051368e+00
4.960166443553578830e+00
4.817281895591961849e+00
4.910592519528059974e+00
4.845994852067560643e+00
4.698450459646830168e+00
4.936013765403040487e+00
4.738862356116215757e+00
4.794635287868524109e+00
4.886012792774002911e+00
4.792755448673495344e+00
4.865914810479067043e+00
4.827775102018249775e+00
4.800967248071480675e+00
4.819071627889381482e+00
4.881630760240422084e+00
4.863459925894360936e+00
5.074991620075047116e+00
4.919937328112217401e+00
4.883825976772467214e+00
4.807786232943468185e+00
4.934424442268374733e+00
4.760538478492302161e+00
4.882130499054088801e+00
4.829978030400994271e+00
4.737138155916746030e+00
4.877172599082577165e+00
4.859632400025654775e+00
4.805388240006519318e+00
4.733528077872890982e+00
4.925094969608168505e+00
4.846366859870117061e+00
4.820988971086284103e+00
4.823571708751007492e+00
4.749334148439526615e+00
4.919649913377754480e+00
4.892333519337070058e+00
4.796769807733393343e+00
4.819025465733895786e+00
4.874148064559203242e+00
5.036131837364079544e+00
4.896790086255156105e+00
4.904583904224777413e+00
4.928979860620119169e+00
4.764764365679835301e+00
4.833215919370414504e+00
4.856664497790003310e+00
4.872703068596850429e+00
4.879746583000560634e+00
4.856260182455715224e+00
4.915957854527470694e+00
4.862223609690592419e+00
4.880156389921818771e+00
4.943877534323967815e+00
4.822728862548273376e+00
4.745404113478484120e+00
4.755262495215487384e+00
4.815097619963389697e+00
4.774891698415636654e+00
4.830964464703201955e+00
4.869550586531437020e+00
4.803845296827664590e+00
5.181207774706928504e+00
4.857341140962206261e+00
4.847588201189338086e+00
4.766698683957359961e+00
4.906066480206583869e+00
4.824453606571770692e+00
4.850581239375289400e+00
4.795528350432441300e+00
4.830003203093041542e+00
4.831095644147881174e+00
4.871376895505572513e+00
