4.487267414050773340e+00
4.411088785481451779e+00
4.380847151334718248e+00
4.411019077793834064e+00
4.450131552171344929e+00
4.412749589943738115e+00
4.430723498848940345e+00
4.406522806751997479e+00
4.416852925690387899e+00
4.434245728162817812e+00
4.449579797332162912e+00
4.431073254817556872e+00
4.412813292445458835e+00
4.597664992959074937e+00
4.411749189174281938e+00
4.411256470039769617e+00
4.445793134157210780e+00
4.415239135294998896e+00
4.429275644664838474e+00
4.425507761437827980e+00
4.385240474017225942e+00
4.462483939633901109e+00
4.448039847683952885e+00
4.439651865068314329e+00
4.497428261231351421e+00
4.379863245332153987e+00
4.433708701753312553e+00
4.430468381270632250e+00
4.494047781577098277e+00
4.409740177190797361e+00
4.431242915915468039e+00
4.409467605262882728e+00
4.425096612818120612e+00
4.443740934610589832e+00
4.425344203663358122e+00
4.413170311992081096e+00
4.416064559754038221e+00
4.386740603863430010e+00
4.423213168489835034e+00
4.420934052030333739e+00
4.396700612318288570e+00
4.441903012622762326e+00
4.403600060172372821e+00
4.408708711340927344e+00
4.405959734397764116e+00
4.461150243050742148e+00
4.403404682603888176e+00
4.437058451310539553e+00
4.415602552664776859e+00
4.409601835472265918e+00
4.464112312401880445e+00
4.416549147505206108e+00
4.404399476060553376e+00
4.400998844367754792e+00
4.380780879698732200e+00
4.409666436158698133e+00
4.445909710228994172e+00
4.441431239776223450e+00
4.431986760795710190e+00
4.438161235077110689e+00
4.427118863128523429e+00
4.487089355004607150e+00
4.436914548252951285e+00
4.426652134487502721e+00
4.404533690588214867e+00
4.478284537269060728e+00
4.442951247482511690e+00
4.445065629608577318e+00
4.398563112624281679e+00
4.472029255043007190e+00
4.475822321553585503e+00
4.380495052206419437e+00
4.441741885301289550e+00
4.390122953712835674e+00
4.479173384223630094e+00
4.406171338597813403e+00
4.444967147865193979e+00
4.423491175865061464e+00
4.444531513141468437e+00
4.389644492492300820e+00
4.452310377031889033e+00
4.511820744287112994e+00
4.419517612800548001e+00
4.415030344484994984e+00
4.431007205859173403e+00
4.426846618083984275e+00
4.427235123622414115e+00
4.499265704821232781e+00
4.403791260491687787e+00
4.390293208088102972e+00
4.402142789782392818e+00
4.390323167831119200e+00
4.387136998311849112e+00
4.394055844637819952e+00
4.419095797362899702e+00
4.460804920092424908e+00
4.399578460015548309e+00
4.502151172411153368e+00
4.455503186697950646e+00
4.410310522098670916e+00
4.399843095537205429e+00
4.426942652475427842e+00
4.405729747431965215e+00
4.455375509279543955e+00
4.420396538127923769e+00
4.391467546927831478e+00
4.376207640241833730e+00
4.390888314839197726e+00
4.409812345323195437e+00
4.399038334614275847e+00
4.397823557383595094e+00
4.467348478634027842e+00
4.404609589218057231e+00
4.408353493178479354e+00
4.408306038327183707e+00
4.417782765105956244e+00
4.413728417564811934e+00
4.412178447352532729e+00
4.403054226989076447e+00
4.398231219871271414e+00
4.395929469465166939e+00
4.437136218191880310e+00
4.488146636936208189e+00
4.435595598125686934e+00
4.488736214351624731e+00
4.432408812422085731e+00
4.437581482074272721e+00
4.407198078451895817e+00
4.427241747564236718e+00
4.366639012685028298e+00
4.397963243912903941e+00
4.467829042058726330e+00
4.421284162941789830e+00
4.407707584579227955e+00
4.442682544061876015e+00
4.429757704339398749e+00
4.388183438589779328e+00
4.505204073121560349e+00
4.375732951784122804e+00
4.397316793223555287e+00
4.416650543288403341e+00
4.437442837202024926e+00
4.462014032483050840e+00
4.473070937761734811e+00
4.423475723838625306e+00
4.440741159729989285e+00
4.396934734461962258e+00
4.369798233291461997e+00
4.450197439940678734e+00
4.413136366311964487e+00
4.410374586231341709e+00
4.409947904270696384e+00
4.416463226669466557e+00
4.386086082655015872e+00
4.425595329761677910e+00
4.406014313994861098e+00
4.452427434153555907e+00
4.426289361026883640e+00
4.443390162958240630e+00
4.387813987382813252e+00
4.406344444711770336e+00
4.446926635705975350e+00
4.429565838412842460e+00
4.501881900349711252e+00
4.433961750898090415e+00
4.449398272788693376e+00
4.453027549950368424e+00
4.403192491134274356e+00
4.417964001480972236e+00
4.426841615508267935e+00
4.416619447230954343e+00
4.419166390314459569e+00
4.389194915114991602e+00
4.418220786615179918e+00
4.403421515794186725e+00
4.495831813192254778e+00
4.397268720842252954e+00
4.418045811716442728e+00
4.391288917715359119e+00
4.428007552670094604e+00
4.430377310922962941e+00
4.504290019544416879e+00
4.397161923333631428e+00
4.421628420118633329e+00
4.428310845341277613e+00
4.385534719251513280e+00
4.409692727565211356e+00
4.393264340997106387e+00
4.413115484779650544e+00
4.390499075363734072e+00
4.418883685292554375e+00
4.403656207647812515e+00
4.419594600858651745e+00
4.429876476167492250e+00
4.420582058350401411e+00
4.422957502824651499e+00
4.415243137204591939e+00
4.393470433425371802e+00
4.461085919674160571e+00
4.504974918369525128e+00
4.413212788271538400e+00
4.393667850942525988e+00
4.444866056300017298e+00
4.430388271398294719e+00
4.381940846908722875e+00
4.440917473714048214e+00
4.403516183684519802e+00
4.390421100274941146e+00
4.416466013473892005e+00
4.437538287026693951e+00
4.400687601712334640e+00
4.415842023874760436e+00
4.404894196672223039e+00
4.451216913383532869e+00
4.390205030103167871e+00
4.470173639923858744e+00
4.408493219362812354e+00
4.420939523511420610e+00
4.446828166958781026e+00
4.388162202937016865e+00
4.393104071067497784e+00
4.390016225661629079e+00
4.480045281218547615e+00
4.409745421750078442e+00
4.411032601880052972e+00
4.413106005583734337e+00
4.425051706143208641e+00
4.437622578027655251e+00
4.479795189039972314e+00
4.405648536259922032e+00
4.394682403978468876e+00
4.452461588893051214e+00
4.415853210411333940e+00
4.422837666533693479e+00
4.406679979149471293e+00
4.406980651858775744e+00
4.407759689928478331e+00
4.392941283604805847e+00
4.396814796129784320e+00
4.429573318771504731e+00
4.438938941435408125e+00
4.425089797184964979e+00
4.378899373295694453e+00
4.414617308211770563e+00
4.408294966842018603e+00
4.416744220900858053e+00
4.427101549483907661e+00
4.408419865203873300e+00
4.387757570674400753e+00
4.392679753385646535e+00
4.405856320785019875e+00
4.489461077084088814e+00
4.392280381828078895e+00
4.420293649992127705e+00
4.419822576628570587e+00
4.419188389378947868e+00
4.402734303238613478e+00
4.417385603347359080e+00
4.431379874815634778e+00
4.388629924755781175e+00
4.376366686769880943e+00
4.384862490593185669e+00
4.403040424446434287e+00
4.379014274651320093e+00
4.448715986776083930e+00
4.406931616192985679e+00
4.406783006710027983e+00
4.448603528983541722e+00
4.410560570071755393e+00
4.416224217781031136e+00
4.444269537872052922e+00
4.426307591795922924e+00
4.430793581527858294e+00
4.404239853745207434e+00
4.427702697240147423e+00
4.495758688621283028e+00
4.437964613789435298e+00
4.401034512702238111e+00
4.446398380568861164e+00
4.406667957699883509e+00
4.399955986816688203e+00
4.396414177600000528e+00
4.400694249422627990e+00
4.421023437487166419e+00
4.496397496689218620e+00
4.394602394512836518e+00
4.403422850139889988e+00
4.443543988623273044e+00
4.400115975755098496e+00
4.454274650924304524e+00
4.405092736764748551e+00
4.459080170141173305e+00
4.412902448538842393e+00
4.449048689135525869e+00
4.426596687110563089e+00
4.431547552984045346e+00
4.452209280796282975e+00
4.439489230410276654e+00
4.396250758142359771e+00
4.420156213859199212e+00
4.432450206396323367e+00
4.392520098544960838e+00
4.469282914297694198e+00
4.412733797373279643e+00
4.441015522961113682e+00
4.447840746913466425e+00
4.440006663500873252e+00
4.441232524961091777e+00
4.431623491351929012e+00
4.423345689972056682e+00
4.414425947524080129e+00
4.404168781607690875e+00
4.434754906004403807e+00
4.414376530571652246e+00
4.393019507000416546e+00
4.434981606762621986e+00
4.418705203654016422e+00
4.414637595181515550e+00
4.421342460987510492e+00
4.409507809007158663e+00
4.376910930907720321e+00
4.438774258008541196e+00
4.429220697905458692e+00
4.380096428055188618e+00
4.434176386701878414e+00
4.391270872122959190e+00
4.464974726737708899e+00
4.469400002177034814e+00
4.405936204564815384e+00
4.416248488831179486e+00
4.376983845868111622e+00
4.421912585251295269e+00
4.412666179307210612e+00
4.406477588433189929e+00
4.377404671804501213e+00
4.435657785012515397e+00
4.397309924536475734e+00
4.464165335754513464e+00
4.400682073462982125e+00
4.437564974074856394e+00
4.417770726656739200e+00
4.432721702490020732e+00
4.456362450325438651e+00
4.453615487710821164e+00
4.503209959105846316e+00
4.508529906129565390e+00
4.407875623165587342e+00
4.380090735944421887e+00
4.444960598277670982e+00
4.420325453347309086e+00
4.389149127948042128e+00
4.412295909885992629e+00
4.470881116128359700e+00
4.400080703827280892e+00
4.423798549139694281e+00
4.403935242490857327e+00
4.407345212942542112e+00
4.435680199217901354e+00
4.372269239005874830e+00
4.425432700641269257e+00
4.455734746814072444e+00
4.421068224114107714e+00
4.434711323590803111e+00
4.471527646622877050e+00
4.445182331134728493e+00
4.383712049872162453e+00
4.390209512563763461e+00
4.428056711648938659e+00
4.405730170590556050e+00
4.366231437299725293e+00
4.411140266786975239e+00
4.391641641035294974e+00
4.395697172318546286e+00
4.393633731148533172e+00
4.385281203828027330e+00
4.380020905462825631e+00
4.410803632885946790e+00
4.379832074901866434e+00
4.423279631646198418e+00
4.429014757938167790e+00
4.504709245675125651e+00
4.399376406264862815e+00
4.407572535773584654e+00
4.407047384923614253e+00
4.454840353620129534e+00
4.462477050826323399e+00
4.423836139722873817e+00
4.434875169738035972e+00
4.418597228959744605e+00
4.434150445510580241e+00
4.520851237583911164e+00
4.412497062142491266e+00
4.445989109761796065e+00
4.499438928277908367e+00
4.445344434088197794e+00
4.423498148141526087e+00
4.408005929925202793e+00
4.403850652371190222e+00
4.399524793980191362e+00
4.411828494773236464e+00
4.477936885127286715e+00
4.444670812704208274e+00
4.429333828394212524e+00
4.457274861833716351e+00
4.433038224389163950e+00
4.412743483817589407e+00
4.401353326542434274e+00
4.403978452600829208e+00
4.393615671675298096e+00
4.409495761066065000e+00
4.400289901336398302e+00
4.405493653775486074e+00
4.442575743987426939e+00
4.390174752665163105e+00
4.445625504844452180e+00
4.512042336766312722e+00
4.446093077712720110e+00
4.506629847140477985e+00
4.489303915286654068e+00
4.431226454614379584e+00
4.378034298840518090e+00
4.381385090023933060e+00
4.536780762160757874e+00
4.395252337124226472e+00
4.464821860850656243e+00
4.384342602159362556e+00
4.450026357388185971e+00
4.403622084507381906e+00
4.419478312234707218e+00
4.434758763020536065e+00
4.423029612229751883e+00
4.474889969938249834e+00
4.387507754045796737e+00
4.406609023475140496e+00
4.402750382757247394e+00
4.395004479498381578e+00
4.470677829423969740e+00
4.410482298880562979e+00
4.387887416903720528e+00
4.436122227790949779e+00
4.431551433434981035e+00
4.388757783320175854e+00
4.411316177103841163e+00
4.407046026631247670e+00
4.517736347657129059e+00
4.435515543504358504e+00
4.407490510855630816e+00
4.392387895870709436e+00
4.414211582315863858e+00
4.411363430605645952e+00
4.468991633340469782e+00
4.400995571454022759e+00
4.386365164005749939e+00
4.392618038033635486e+00
4.413483015672163390e+00
4.384984001465612735e+00
4.385405031757515282e+00
4.447411040545349081e+00
4.450690757807297615e+00
4.468055889707816419e+00
4.383459396216267123e+00
4.489623049046899794e+00
4.460806670139127128e+00
4.421807792249409452e+00
4.415478659167768605e+00
4.403055704944278226e+00
4.489590863830003720e+00
4.419832811926219129e+00
4.427608316158327284e+00
4.423892759617960024e+00
4.405619911614500062e+00
4.379763471812065490e+00
4.431479384918131537e+00
4.406458878038169935e+00
4.451998144339579966e+00
4.403485330622282312e+00
4.397420531506803343e+00
4.450799642256248134e+00
4.417881829315519759e+00
4.385605202063506347e+00
4.401778186250174585e+00
4.415236658939829084e+00
4.445275155323357374e+00
4.412118336971563082e+00
4.431512545363175626e+00
4.383614657277211890e+00
4.425004159241353818e+00
4.418642011071127307e+00
4.391470731293759755e+00
4.384756567752377876e+00
4.458959914454005968e+00
4.445677494042064026e+00
4.392461850092868048e+00
4.473582170539534886e+00
4.451737932042397539e+00
4.449298460255366905e+00
4.433432198404926083e+00
4.416715037280255274e+00
4.424612158461743050e+00
4.448154100347082363e+00
4.387858083371147799e+00
4.453215607342821514e+00
4.407499508782665387e+00
4.357633040572343575e+00
4.438801498452269456e+00
4.407119873061534854e+00
4.421060572523593635e+00
4.435030457839862272e+00
4.456662140152563900e+00
4.445946073263665532e+00
4.441220287195705829e+00
4.399375902063880517e+00
4.447662218269920587e+00
4.459347326906804909e+00
4.423866136352226697e+00
4.443911096016280204e+00
4.390428693010724359e+00
4.416717973547513942e+00
4.440334352247767846e+00
4.428169635678941063e+00
4.434733212418226600e+00
4.443904300234258642e+00
4.388533274306710474e+00
4.438703658813252240e+00
4.467410266527220841e+00
4.386170244683892605e+00
4.434761778953759226e+00
4.405738369154358125e+00
4.454338429580804615e+00
4.401635852741264898e+00
4.438527246854135022e+00
4.403078801497440686e+00
4.435452519483527034e+00
4.407427042098111869e+00
4.532449994196877441e+00
4.508028793255442146e+00
4.409265536489123782e+00
4.375008405720334004e+00
4.538229822289211235e+00
4.386275397321324654e+00
4.404052530286613809e+00
4.380716157876368477e+00
4.410907442959510760e+00
4.452841224979891877e+00
4.454786092250667018e+00
4.457407439981567521e+00
4.491658709017350759e+00
4.434458969346625423e+00
4.418594337404694983e+00
4.396033338805606761e+00
4.408332298900682567e+00
4.403742004035465563e+00
4.423813182703905333e+00
4.411644972267666276e+00
4.392082956893453627e+00
4.420054523156085935e+00
4.397539564692715786e+00
4.436944370978348040e+00
4.502464882560289539e+00
4.392341449747846127e+00
4.429410924108158731e+00
4.441358008038225336e+00
4.430690160824689805e+00
4.424515201923828300e+00
4.416650319933872026e+00
4.433822126606779435e+00
4.399072670836249088e+00
4.411101303314046262e+00
4.444619178169743279e+00
4.427425518227765977e+00
4.445721695318034072e+00
4.429663533804947484e+00
4.412226566819873241e+00
4.442270120175188630e+00
4.397912799108656401e+00
4.422810968778951413e+00
4.397876462885736970e+00
4.431176470602395945e+00
4.422904676414113112e+00
4.421669345992767397e+00
4.431171132204549501e+00
4.401739600611520586e+00
4.400796140084875852e+00
4.421587705873670338e+00
4.493449987226514786e+00
4.505132900418007402e+00
4.460355259659938731e+00
4.445463759167413542e+00
4.455389187321616262e+00
4.390636103615177532e+00
4.411066005605856155e+00
4.386848810284482703e+00
4.413932061636471005e+00
4.423480175060966246e+00
4.468819061111782176e+00
4.449577513329321832e+00
4.423343077602750029e+00
4.464922405152366380e+00
4.402901949862186193e+00
4.414406614088520975e+00
4.473724026338659066e+00
4.392133190483166416e+00
4.413106390707505433e+00
4.455683101394254386e+00
4.467697245614437485e+00
4.362505937670531075e+00
4.411209480382192183e+00
4.446120979323672451e+00
4.493297091253144693e+00
4.492753623645739047e+00
4.448387218659620501e+00
4.399482761669438524e+00
4.411780401601208546e+00
4.454601909042932739e+00
4.480725964946838502e+00
4.389749367412324688e+00
4.434672301345782053e+00
4.425939630422374371e+00
4.415000026842280434e+00
4.404896571131093452e+00
4.452894681825775969e+00
4.431339239720079703e+00
4.440503352757109390e+00
4.419978978506221345e+00
4.457424159593540658e+00
4.446217675507073253e+00
4.444121915468884687e+00
4.420159434813339061e+00
4.372085718028931645e+00
4.436328055786594504e+00
4.478412688943920195e+00
4.422089540919140305e+00
4.427599797866625941e+00
4.444557259037268615e+00
4.402124292236026193e+00
4.451991640516565596e+00
4.446155077057827754e+00
4.414858714689793295e+00
4.455511957340141826e+00
4.561747177177008616e+00
4.420034903759126443e+00
4.375148965611514562e+00
4.418047896214038595e+00
4.401816885921158828e+00
4.437879314477682691e+00
4.458955563674217970e+00
4.437883681455245366e+00
4.410435924186280943e+00
4.444933362175003566e+00
4.454393983164091075e+00
4.419060106221758488e+00
4.518435670283945882e+00
4.412980669745264706e+00
4.409911964739940515e+00
4.396488853240488659e+00
4.441169296516563669e+00
4.406967245334842964e+00
4.447647086399845406e+00
4.439902873898094349e+00
4.447251512320839595e+00
4.378869210532589484e+00
4.442760702680936369e+00
4.424826757662631671e+00
4.410025011687414676e+00
4.405719561216430158e+00
4.453430075623814766e+00
4.449130283066807579e+00
4.447101151149069231e+00
4.420595566246381836e+00
4.404428061333783617e+00
4.426497394602233015e+00
4.418535037830671364e+00
4.488321449784978157e+00
4.411574597908488826e+00
4.410695009439185910e+00
4.471989430172833124e+00
4.467897369160611198e+00
4.405984392634556990e+00
4.410762321372271977e+00
4.366087400664771856e+00
4.444273743982342317e+00
4.427481358403356992e+00
4.406347989935857079e+00
4.391919178764596587e+00
4.439117013001850687e+00
4.411177482492017354e+00
4.432349544950862530e+00
4.426791092637447633e+00
4.380233962459531227e+00
4.408333960008484986e+00
4.380691193195866084e+00
4.626262771070956958e+00
4.388252062748914106e+00
4.408757244818391818e+00
4.457463522506812659e+00
4.386505577872640060e+00
4.439185075919506396e+00
4.443154057516009559e+00
4.418617566102279959e+00
4.410835299552979372e+00
4.413471132545814690e+00
4.442847233191703715e+00
4.423167115687371087e+00
4.399979418143496801e+00
4.459155861960748979e+00
4.438351036021215279e+00
4.434214124370213561e+00
4.453863348073030970e+00
4.458847595240831296e+00
4.414826468436144680e+00
4.394265061925821669e+00
4.433537334295780674e+00
4.483220181656651704e+00
4.427190813489783494e+00
4.411035101788059798e+00
4.454252397050019852e+00
4.471733189929193664e+00
4.386948795285526614e+00
4.433961475457150136e+00
4.425422955629188415e+00
4.433773266882714559e+00
4.400694328102837005e+00
4.389578134529618758e+00
4.515695595845283350e+00
4.444089104996260531e+00
4.406178250142841257e+00
4.411926574802331302e+00
4.412989616487924316e+00
4.439413331265710028e+00
4.696389232130605329e+00
4.417898189302055911e+00
4.453947459952548371e+00
4.410321884133822756e+00
4.425863956198636373e+00
4.421682068765422358e+00
4.426033955767488592e+00
4.424714104615278032e+00
4.392755104206116812e+00
4.425407969107012285e+00
4.427490433990425522e+00
4.441852096358653412e+00
4.428830151232975076e+00
4.408048062447742943e+00
4.433762247395784506e+00
4.415951677926926777e+00
4.399064105845078565e+00
4.394715967778407339e+00
4.475971781146992790e+00
4.440010430731518909e+00
4.500839426030717405e+00
4.479348836339411832e+00
4.409394604086878111e+00
4.441371083885871762e+00
4.432172755530753072e+00
4.381182645837554013e+00
4.380332765904248582e+00
4.448126720894200581e+00
4.416441635605885985e+00
4.438118057862094901e+00
4.430812272559661480e+00
4.393373543018714855e+00
4.407518392721125444e+00
4.368536348463403662e+00
4.460001342275361935e+00
4.413996001161455851e+00
4.426143630826811837e+00
4.453521704703966577e+00
4.413831461696673841e+00
4.418655414246596358e+00
4.449213014522403142e+00
4.425133010065180450e+00
4.470400814502233366e+00
4.459921980173901623e+00
4.393683510683413118e+00
4.398957076647885600e+00
4.433814456262640924e+00
4.390851031151919770e+00
4.448196295526299693e+00
4.445222350597852312e+00
4.398874999359567717e+00
4.405158276779967075e+00
4.407309627269444974e+00
4.428926033501284998e+00
4.500126402473494380e+00
4.479698365336393984e+00
4.427228369238750183e+00
4.445625466604584908e+00
4.406564378767892975e+00
4.436392356229228895e+00
4.446911005815869622e+00
4.459504853197691077e+00
4.391408150568719471e+00
4.441741295309236115e+00
4.403425398601418905e+00
4.391894207151548102e+00
4.394720534559459324e+00
4.418726801735228804e+00
4.371791643881770106e+00
4.443820407205542722e+00
4.431192725188258130e+00
4.407726660244701833e+00
4.429979319585205744e+00
4.411053365872705356e+00
4.446790349810608944e+00
4.436491110233135693e+00
4.423917460839409621e+00
4.398967766467672291e+00
4.379318616460913915e+00
4.383782111898605116e+00
4.478032620386959373e+00
4.417742571289442033e+00
4.416429889596412472e+00
4.412877652597009259e+00
4.483661135694468669e+00
4.410768651019069786e+00
4.450097340777134924e+00
4.428130764250128415e+00
4.447344659820654300e+00
4.429585541807912641e+00
4.416923101300187504e+00
4.408216501957583411e+00
4.445982649100523432e+00
4.381278835898818613e+00
4.396444472803182180e+00
4.432214812632461864e+00
4.498994221004628535e+00
4.438810603606866856e+00
4.400228669541761839e+00
4.383466226025866774e+00
4.422295857324356483e+00
4.428962490409212194e+00
4.398229118889746658e+00
4.427231585205064768e+00
4.378704092526440661e+00
4.397517288038728545e+00
4.409218941083856258e+00
4.382354550855612096e+00
4.417026975861621629e+00
4.400581123785476834e+00
4.378190023499501926e+00
4.421650922759777558e+00
4.409148128651541043e+00
4.388795711734654326e+00
4.466200176410768385e+00
4.469666308403483335e+00
4.470048787942612734e+00
4.408899541715423531e+00
4.441539314649968873e+00
4.416421356312023150e+00
4.415215871374780221e+00
4.447215066043044729e+00
4.404128576533192785e+00
4.405640160527576121e+00
4.439428235821833546e+00
4.447899990542524051e+00
4.414252821627001389e+00
4.386078847094508681e+00
4.401350801737363483e+00
4.440822065188824830e+00
4.436692926976813389e+00
4.421021251010583519e+00
4.376212832101710859e+00
4.397641350384770220e+00
4.409672730225657311e+00
4.486877553614482927e+00
4.440905910680338131e+00
4.386724234174547377e+00
4.412830380279229914e+00
4.458455571413645124e+00
4.424310882628441632e+00
4.406123222976799703e+00
4.409482280019180855e+00
4.417074461589120205e+00
4.386259128239126781e+00
4.444576832127437704e+00
4.475417809055331375e+00
4.436363681197344810e+00
4.512575452933925035e+00
4.500987896080051343e+00
4.377970911450112190e+00
4.430714508652599193e+00
4.391340532837283206e+00
4.447566186047919423e+00
4.392494114578527231e+00
4.423370808912993724e+00
4.371711107629243642e+00
4.388281306386741853e+00
4.410868708410952799e+00
4.405556296212951750e+00
4.413464998427597763e+00
4.462321078806475327e+00
4.432186900522731676e+00
4.410623337045484149e+00
4.394544496884254414e+00
4.460745606786251649e+00
4.385330918713679083e+00
4.404297246010853151e+00
4.394718213638936000e+00
4.413434423391117356e+00
4.443869800304820927e+00
4.400906912787492686e+00
4.408580476341220411e+00
4.404967652115692189e+00
4.411957469014915922e+00
4.432216335895288850e+00
4.434126430670747965e+00
4.433673111443503068e+00
4.416266918712787870e+00
4.427620927469037682e+00
4.421473526523703512e+00
4.409082728230309556e+00
4.458943976993357872e+00
4.407444568424569553e+00
4.384665156533759323e+00
4.407992918934779070e+00
4.423469901070355093e+00
4.419733664241702442e+00
4.371164747672895423e+00
4.414587084058925193e+00
4.431381350754147519e+00
4.439013241428763301e+00
4.407654989833128312e+00
4.366201608338379003e+00
4.387452781935180290e+00
4.495249875627767899e+00
4.442932263056571074e+00
4.400492994506543631e+00
4.428257468562056154e+00
4.411610495877533289e+00
4.400321603343558152e+00
4.406001995589689635e+00
4.386636072769393380e+00
4.693722919319527342e+00
4.385500535537244282e+00
4.429603225731264970e+00
4.377138135551903453e+00
4.424499674278036032e+00
4.401870169422645418e+00
4.448321587262149102e+00
4.430576360302896255e+00
4.410520619010171117e+00
4.445985748951677863e+00
4.383916197688305871e+00
4.459877588471155896e+00
4.384993964154414670e+00
4.436618689282856742e+00
4.412243725784278148e+00
4.402525602951778083e+00
4.418327433862023312e+00
4.456566164825374265e+00
4.419183418299951427e+00
4.406885794369888032e+00
4.387404505073966732e+00
4.435380480963162952e+00
4.398320135733761127e+00
4.554416996350905578e+00
4.390080607134525970e+00
4.372204582679303009e+00
4.414757709834381316e+00
4.536210711764998571e+00
4.382828853377075617e+00
4.411582015024270831e+00
4.438981936515605575e+00
4.394354700121160917e+00
4.437885913335937182e+00
4.440797679205899406e+00
4.421833937622106525e+00
4.435001060726766475e+00
4.483914376952659708e+00
4.415028989793302827e+00
4.415078805132407247e+00
4.415368122270283635e+00
4.392443195831587488e+00
4.444067144036817574e+00
4.395512234836054688e+00
4.487575236107641530e+00
4.394093633567350388e+00
4.441617115118305925e+00
4.415688572145289648e+00
4.415979182408478643e+00
4.483191753715062511e+00
4.416089964661372491e+00
4.451271026612955595e+00
4.400528172648777492e+00
4.411687396355526758e+00
4.395082923588624624e+00
4.404837602531438634e+00
4.386584947526086964e+00
4.428209675626439967e+00
4.396232773438196517e+00
4.401964023558483596e+00
4.401387033461036324e+00
4.431526265205859794e+00
4.446330293198440309e+00
4.440846616968139315e+00
4.418231099706270371e+00
4.432139147483916908e+00
4.392875628490087614e+00
4.457944263412154662e+00
4.403119731423184469e+00
