4.772580300770635553e+00
4.828552854900170388e+00
5.023773256230416706e+00
4.791473745405041562e+00
4.771032264171596537e+00
4.877523438776638187e+00
4.752572370452284645e+00
4.905255332351130093e+00
4.889987339831492363e+00
4.851110218777423988e+00
4.853284877809780795e+00
4.787019349672403834e+00
4.787459652315787295e+00
4.874303481747437772e+00
4.772440224295961819e+00
4.663448020756262302e+00
4.895186081485837448e+00
4.893908000550011295e+00
4.942241840827267474e+00
4.910073744716166644e+00
4.742206288151738391e+00
4.757145347464564189e+00
4.670207724327362975e+00
4.787596516967131954e+00
5.020207043999569407e+00
4.758844998954969263e+00
4.936366715251586434e+00
4.723516918884795857e+00
4.915546502548447272e+00
4.964543733307870355e+00
4.766673976184233830e+00
4.930842284794779040e+00
4.706719526320981117e+00
4.755534430339565688e+00
4.726045716348379777e+00
4.956292783603870156e+00
4.928174478098469535e+00
4.784394515560183692e+00
4.886940872717516093e+00
4.780281878211217084e+00
5.010839698161302813e+00
4.838278026372003104e+00
4.973101695525090626e+00
4.797709665104473054e+00
4.854991127697325659e+00
4.775602869543017270e+00
4.828777131275121981e+00
4.776589960040963589e+00
4.695710144776212402e+00
4.572828292448382292e+00
4.807969616137371283e+00
4.811704257698179887e+00
4.890012515313973296e+00
4.884045910994708528e+00
4.765980851412191299e+00
4.834654238988595587e+00
4.782255066876023974e+00
4.927359708621054324e+00
4.704863479062370679e+00
4.804497922225682949e+00
4.890953287519423931e+00
4.798154024704531118e+00
4.838987380022814477e+00
4.914314518047360636e+00
4.909146569093604917e+00
4.782574290534980399e+00
4.672508297079976280e+00
4.725714276801329383e+00
4.985165380154495729e+00
4.820292494363637381e+00
4.841434874657615239e+00
4.927310195278501226e+00
4.891798213339052737e+00
4.700114309329089579e+00
4.949083862443668380e+00
4.805506886303914982e+00
4.885389214740348152e+00
4.828799371162567411e+00
4.859398404243330027e+00
4.757828834055952250e+00
4.980724599257469798e+00
4.755713503625403682e+00
4.846794655634269589e+00
4.795349472255852952e+00
4.815850572168095312e+00
5.021310817379776914e+00
4.824048861171529978e+00
4.933149178977560112e+00
4.842675296806357998e+00
4.953751039388942345e+00
4.974849783400402181e+00
4.821843551740359501e+00
4.961881085200490205e+00
4.772921132955003642e+00
4.924790700688005174e+00
4.914569316856134407e+00
4.963477171955579692e+00
4.746515499553355610e+00
4.841165339992178573e+00
4.870564288593683955e+00
4.848468503204208524e+00
4.788672312326599290e+00
4.810683251915398806e+00
4.925934707677861013e+00
4.829303355803602926e+00
4.846810309655823268e+00
4.921380119915276907e+00
4.722331887939700046e+00
4.765424951138875542e+00
4.769034081250243418e+00
4.841869998974759781e+00
4.827982915595459446e+00
4.725118621597431456e+00
4.842243644743498443e+00
4.942682145292813800e+00
5.033727970225394976e+00
4.878624288774331852e+00
4.732613353120467714e+00
4.936290408570343402e+00
4.849646520754244960e+00
4.776875056367016370e+00
4.906999451565760673e+00
4.844504341763093969e+00
4.891613440761659604e+00
5.070195625494921643e+00
4.867961180267813326e+00
4.969302117782328665e+00
4.774740895997334533e+00
4.816130366793623274e+00
4.788310618144642206e+00
4.807031519893554261e+00
4.774606296450032872e+00
4.799529654231470488e+00
4.889598262115259608e+00
5.000345273685754321e+00
5.107932915521216977e+00
4.844762785811346895e+00
4.963351208861412900e+00
4.779170105172195981e+00
4.957409258526688234e+00
4.716292979406794927e+00
4.853852066329408466e+00
5.034380152264013475e+00
4.760874445871743355e+00
4.815773107026101840e+00
4.801924805950608111e+00
4.884480893242961308e+00
4.733421905123376128e+00
4.777645852386010361e+00
4.816847386450730184e+00
4.867129139508705293e+00
4.886718857519592341e+00
4.730623913166396299e+00
5.133422114226806166e+00
5.014549341333495391e+00
4.781931253995733933e+00
4.717212398255173689e+00
4.981764271774131281e+00
4.802861595874617251e+00
4.966052802108713138e+00
4.791776399724222202e+00
4.767204369528954544e+00
4.888350322976105389e+00
4.735777542642038540e+00
4.866559771623220954e+00
4.875593852002563899e+00
4.876321642376988841e+00
4.905853648381171439e+00
4.880615549034511780e+00
4.851406615797909438e+00
4.992958321397549248e+00
4.859006409393499482e+00
5.064025611290955631e+00
4.768757041029905608e+00
4.853402429541302965e+00
4.770011029299815242e+00
4.970491590193500286e+00
4.779114723494343409e+00
4.899502226199878407e+00
4.758584613161795929e+00
4.833361551563542413e+00
4.803783182802569662e+00
4.858759281659770224e+00
4.849825213874862762e+00
4.968444097946846050e+00
4.968114454073158548e+00
4.966774217977659056e+00
4.900882327569053842e+00
4.913468144142338900e+00
4.759137563196123466e+00
4.776117536482642478e+00
5.070306600088112070e+00
4.807411492920484974e+00
4.698964228126070175e+00
5.032845108717280525e+00
4.946334486820241239e+00
4.675992362533562208e+00
4.730330434428881681e+00
4.940174394261380719e+00
4.780323953644099788e+00
4.866585091820737397e+00
4.766360036078570062e+00
4.944009215566376625e+00
4.931568351201573996e+00
4.712646159631293408e+00
5.080799374151002468e+00
4.929386286958160390e+00
4.724777333602088625e+00
4.871418677522251883e+00
4.841866275507092254e+00
4.986601048345288945e+00
4.845134405114429832e+00
4.855216632820295253e+00
4.681397696288405186e+00
4.842530028425551691e+00
4.870805469845381985e+00
4.977367895909170947e+00
4.658991859205753094e+00
4.832990446371011828e+00
4.899278920297552631e+00
4.694878467104696362e+00
4.826469959909682750e+00
4.975705425426969697e+00
4.689253552931075042e+00
4.686666637926484746e+00
4.838847783778407852e+00
4.976490786149923018e+00
4.961158113512833978e+00
4.923339245417880150e+00
4.685254178336269781e+00
4.781494983398003384e+00
4.812471956176315402e+00
4.646342359925307974e+00
4.902239773032892600e+00
4.821195458836529113e+00
4.844260955179541028e+00
4.996784126610565480e+00
5.003452347603825956e+00
4.922681687444228515e+00
4.856745940001008677e+00
5.037460791238407509e+00
4.686344636302265165e+00
4.831186038731226873e+00
4.855856422625778102e+00
4.753125277177886687e+00
4.808466272881420700e+00
4.871001222771575989e+00
4.907899141337463966e+00
4.799981327683786603e+00
4.876713980726725239e+00
4.981457233811869223e+00
4.872338645338794016e+00
4.862892208638855962e+00
4.798945249011759451e+00
4.802534736509133317e+00
4.886676277740135355e+00
4.851701635606270102e+00
4.728993777198970960e+00
4.897775610456016615e+00
4.768986109938677664e+00
4.816102141798531022e+00
4.915946820003184392e+00
4.880731723983220860e+00
4.902988042835132454e+00
4.837080511969746865e+00
4.752983525519621111e+00
4.733648446581937286e+00
4.924309733231504005e+00
4.782590783213528596e+00
4.716526529486098518e+00
4.816803289215948247e+00
4.879139971125876052e+00
4.695748251456258515e+00
4.775419164779405534e+00
4.891797870456644048e+00
4.910952072808205671e+00
4.818760615181309603e+00
4.904103928921751177e+00
4.889284096670488466e+00
4.975671896379905590e+00
5.064821394171412194e+00
5.085142700406751537e+00
4.759911118198195012e+00
4.767448247736805200e+00
4.878749032991652079e+00
4.879359725803498193e+00
4.744782096457023535e+00
4.721511888892634623e+00
4.773448784551658441e+00
4.825833861711047668e+00
4.759119819124562056e+00
4.859328218271379285e+00
4.900298971366149559e+00
4.714953406074376296e+00
4.864765249492883470e+00
4.864227238278550303e+00
4.914140639444219083e+00
4.978140702334863832e+00
4.979469122397114589e+00
4.834876340976070885e+00
4.933832013833685970e+00
4.865638875523692342e+00
4.890833205652591609e+00
4.785464358492803605e+00
4.833173202573767924e+00
4.864692475466826593e+00
4.818177214779115758e+00
4.731168749789163464e+00
4.856719206584704907e+00
4.867516264502158130e+00
4.856248713127529371e+00
4.864693763364840606e+00
4.963913707269577813e+00
4.966501330189819541e+00
4.847184067664227491e+00
4.851609168942331962e+00
4.829845892913545491e+00
4.866044435812860947e+00
4.764764718515434261e+00
4.836184703862970835e+00
4.824879138458509686e+00
4.932119639886546558e+00
4.654440046138898168e+00
4.819492688606850095e+00
4.931973876195002049e+00
4.830779415328926518e+00
5.020342760119511638e+00
4.824149531548998837e+00
4.868087468703560461e+00
4.838569875077503468e+00
4.815668249206603413e+00
4.784940435804284853e+00
4.944862487332247092e+00
4.825513257701153691e+00
4.825102287967964365e+00
4.946956627222066416e+00
4.797919538744210399e+00
4.790251880940960660e+00
4.869521228658151735e+00
4.750513353517936466e+00
4.977362917363295836e+00
4.895090277702633941e+00
4.834645400642440194e+00
4.816275564046037516e+00
4.879268851275611496e+00
4.904079291329085599e+00
4.993282553591121165e+00
4.915929686673463195e+00
4.805376309693949466e+00
4.828246996016763326e+00
4.863124019508598295e+00
4.746815773504797775e+00
4.932986464852633368e+00
4.818766661829716469e+00
4.913798421788519555e+00
4.876170124805060624e+00
4.819735760139416847e+00
4.924151212333327976e+00
4.955846587952408733e+00
4.946724093777635112e+00
4.772432160596418171e+00
4.833542855362251700e+00
4.738927569055667810e+00
4.999318940248196341e+00
4.892900938450450710e+00
4.921150232723986662e+00
4.789331321728201196e+00
4.740984815151832343e+00
4.901518172258652051e+00
4.838013618732248666e+00
4.806070214646155137e+00
4.699292694577260399e+00
4.951769225292845356e+00
4.858134499449440646e+00
4.760598780967759680e+00
4.785818981388833215e+00
4.767090125312862803e+00
4.930556684587277694e+00
4.836149725328347415e+00
5.114677571498203790e+00
4.797646542625893851e+00
4.758824102956844548e+00
5.035187412448059341e+00
4.908925344098883592e+00
4.883209890962757704e+00
5.020097291184058896e+00
4.857949252415300734e+00
4.753706115372605900e+00
4.860003746623066334e+00
4.761918261161651067e+00
4.702079564522074762e+00
4.856332865575282653e+00
4.728397218714813555e+00
4.832552640641779362e+00
4.721283519822610408e+00
4.915698299556511941e+00
4.862581941070875047e+00
4.875942483992302456e+00
4.998691210480453506e+00
4.627793844028363246e+00
4.742084718330709769e+00
4.775863960829892285e+00
4.863828771650148042e+00
4.980762458484153221e+00
4.790085286455724400e+00
4.876662255736164298e+00
4.833838406477141802e+00
4.857199907666641003e+00
4.859206102721397080e+00
4.731687402238303086e+00
4.858493600703231330e+00
4.879884114113768767e+00
4.808330260140270873e+00
4.915490165186989557e+00
4.727248880017006272e+00
4.655410167892455320e+00
4.905716514193104061e+00
4.822520192479891499e+00
4.846430815664712455e+00
4.840238497221068137e+00
4.713992236856500817e+00
4.820743355943728936e+00
4.940078637615658685e+00
5.040433696887747672e+00
4.818868515265980257e+00
4.752338375157949990e+00
4.783451328057410024e+00
4.852200528203511887e+00
4.815874621821428114e+00
4.916349209565266776e+00
4.828127956837435342e+00
4.894429027191680603e+00
4.793606644452592214e+00
4.828095211000269948e+00
4.918760951777834123e+00
5.072097543491076443e+00
4.835117018541169820e+00
4.894194519527059306e+00
4.809551088791029549e+00
4.996960530621439744e+00
4.909304525120042229e+00
4.947759864606777747e+00
4.884128710282891639e+00
4.734409206848527063e+00
4.851502040912209601e+00
4.813344827923004665e+00
5.077807725924767368e+00
4.715634466817479442e+00
4.802655474880078934e+00
4.788397019919556463e+00
4.823625379344797182e+00
4.946482603685784518e+00
4.702084062939327680e+00
4.980357381282248141e+00
4.656810802801756743e+00
4.859390392794191271e+00
4.738967976929958859e+00
4.817354633176002210e+00
4.878277331238844994e+00
4.897923114713701231e+00
4.796592681318537110e+00
4.773104912209580775e+00
4.864409321113988938e+00
4.956405218981109861e+00
4.751469320063295143e+00
4.794705163604053411e+00
4.941179157074301109e+00
4.771966194295487185e+00
4.927230732355861953e+00
4.899211647518299628e+00
4.869253533538396184e+00
4.759917514433626096e+00
4.902792354480737025e+00
5.008412577657542997e+00
4.854788417659259281e+00
4.839687807094643190e+00
4.843549203593492614e+00
4.914337201981931358e+00
4.899976100177831917e+00
4.827668612939357118e+00
4.900004169574760482e+00
4.832045822823324066e+00
4.767924029713896950e+00
4.734898447915469433e+00
4.910061596002281092e+00
4.871930759472864025e+00
4.890842115447203042e+00
4.841372135672961541e+00
4.961872217144316366e+00
4.880407219606884617e+00
4.904594159359278116e+00
4.850609955675075469e+00
4.783057834773982719e+00
4.825476380589925895e+00
4.979642837794883370e+00
4.953416351546198193e+00
4.844523604198296418e+00
4.871607090193179168e+00
4.813004799640071774e+00
4.872661793749593961e+00
4.867542467154918562e+00
4.900815416980972117e+00
4.883196526262166159e+00
4.884142904315428524e+00
5.279814322085311318e+00
4.959620582646573794e+00
4.840313268445204820e+00
4.932961782863224620e+00
4.777243776848591139e+00
4.799133095535643712e+00
4.857812712190163751e+00
4.864014525238877340e+00
4.884066993153012071e+00
4.934454477339348166e+00
4.853363227548663339e+00
4.898066297070154285e+00
4.800471226749053244e+00
4.894083659022252952e+00
4.671994369759950416e+00
4.893914372156969783e+00
4.871778581879353531e+00
5.047875166330917374e+00
4.869986587856280913e+00
4.949514144127354243e+00
4.883964866521559145e+00
4.812841222659164586e+00
4.786590935879753594e+00
4.814997007829966869e+00
4.840744254061028151e+00
4.818057142584228458e+00
4.862930537264837483e+00
4.929747904234035971e+00
4.746191252022512685e+00
4.810823460558357745e+00
4.895013540828669463e+00
4.797396638329714413e+00
4.920296669572719495e+00
4.917168803699641266e+00
4.777239123922503161e+00
4.811608669295706520e+00
4.848207707183161297e+00
5.053594076508094446e+00
4.928864613119137594e+00
4.831466283045480203e+00
4.805543540918749912e+00
4.787336556154583533e+00
4.863787190097212054e+00
4.788036205446594806e+00
4.819312149464808570e+00
4.964408159993621616e+00
5.076058234810012060e+00
4.731864253812328336e+00
4.857537754242824413e+00
4.762602567561271982e+00
4.805188364017399572e+00
4.832417717265407475e+00
4.904359273238751094e+00
4.945518241277230054e+00
4.777707762904345401e+00
5.057870818995506390e+00
4.917003230057862773e+00
4.857648516846902353e+00
4.791066993846713196e+00
4.920693126991115385e+00
4.831129258071158006e+00
4.754679447942154802e+00
4.836640909300432334e+00
4.790586942024517292e+00
4.869210456499374118e+00
4.699161042913429398e+00
4.943693273808897892e+00
4.962594220854617433e+00
4.844219743995886951e+00
4.827167642129255754e+00
4.824339804317350655e+00
4.744352059267195720e+00
5.269653814165903505e+00
4.985857895866034895e+00
4.767084354920527289e+00
4.923698370600798846e+00
4.655102582792172150e+00
4.696817501060587929e+00
4.908924863035484698e+00
4.810233751454719098e+00
4.753620986254177616e+00
4.892510156344086703e+00
4.886123437012249937e+00
4.794282557994742788e+00
4.942620004878188311e+00
4.859234882978001657e+00
4.855457397436214073e+00
4.758489207969481605e+00
4.903164685800020628e+00
4.922715223701247922e+00
4.764977667768506286e+00
4.822229799510989068e+00
4.760603877435508835e+00
5.025297083019907518e+00
4.896284864111797752e+00
4.797128075576223338e+00
4.881358596667424443e+00
4.877881464361433217e+00
4.800303894505868918e+00
4.821252938934966537e+00
4.769283038501865413e+00
4.909472196298859004e+00
4.874016761597576242e+00
4.791631979162706223e+00
4.847735591825603763e+00
4.938449351642632656e+00
4.807071794114983199e+00
4.948366059747925760e+00
5.053060957450306923e+00
4.981508842026280526e+00
4.711762734950925235e+00
4.745382909878333777e+00
4.718730104726138741e+00
4.979529644638961194e+00
4.817898757087127670e+00
4.834583562426169046e+00
4.897643420808883263e+00
4.709643014029693653e+00
4.917570633144171310e+00
4.812126752252261497e+00
4.738637893856993522e+00
4.827148278136046855e+00
5.041715343980060382e+00
4.750448965804319634e+00
4.808353173143490977e+00
4.811691915615756265e+00
4.688934788763242878e+00
4.849445387718002820e+00
4.938457898060997664e+00
4.769838880440015139e+00
4.943995045572616931e+00
4.838225657314628059e+00
4.734237228986234669e+00
4.886615732647211274e+00
4.897988954575760445e+00
4.843424346920499168e+00
4.980362150559387580e+00
4.679006410776596958e+00
4.944220886258557712e+00
5.098109532078619388e+00
4.781281908036747907e+00
4.975193883503429504e+00
4.913778449917301394e+00
4.753691333106305983e+00
4.895001263090613897e+00
4.850743108997099817e+00
4.946434398796466958e+00
4.822491107588395387e+00
4.919227007520125206e+00
4.762141541246362131e+00
4.807693023237820995e+00
4.788222535251567713e+00
4.891663967815762071e+00
4.771903093842916554e+00
4.755560559873974746e+00
4.739124841492893481e+00
4.705124336221335746e+00
4.696703117147388973e+00
4.896914363638082079e+00
4.906352986606923317e+00
4.940546475663523118e+00
4.836932867104118294e+00
4.665641623127209314e+00
4.769314779745575272e+00
4.875664620524445603e+00
4.701098870693028786e+00
4.855403771353419273e+00
4.857244067259816944e+00
4.824476851842527836e+00
4.998036973782742365e+00
4.809721584644753634e+00
4.839342122532149126e+00
4.706663825790604605e+00
4.881473111923051000e+00
4.904217149960639510e+00
4.750247699701718673e+00
4.828511051238439933e+00
4.991474575955252568e+00
4.760634123546462426e+00
4.984537493696000965e+00
4.898550945014330971e+00
4.827893340017738844e+00
4.973842812275686143e+00
4.813860042847477594e+00
4.942522121305735538e+00
4.872191581772673530e+00
4.859856574676197916e+00
4.803321843587156081e+00
4.773982019450305536e+00
4.840190424432649685e+00
4.781823181443343174e+00
4.926791009496038320e+00
5.001231992469160836e+00
4.885379633040767722e+00
4.778052352965902472e+00
4.952931865941293310e+00
4.813771986333839514e+00
4.868367876860107302e+00
4.985502671493430071e+00
4.812426984505885130e+00
4.696993594547739015e+00
4.929312609280207091e+00
4.892255464756547489e+00
4.784430093329151035e+00
4.716202347030280961e+00
5.045281240563205039e+00
4.873958103343275283e+00
4.823214601207162389e+00
4.870200986876996652e+00
4.844241698345734370e+00
4.805466778437168962e+00
4.853941949775882669e+00
4.988740284242968670e+00
4.778433631483395061e+00
5.028449647724399618e+00
4.827284514221934941e+00
4.949596257613965378e+00
4.754024858766698003e+00
5.022008891723069191e+00
4.798450778649625548e+00
4.882526081768518544e+00
4.946823557364523616e+00
5.040854617424356476e+00
4.927188909188584098e+00
4.845730970732241794e+00
4.929052790670233719e+00
4.860561198440537467e+00
4.834541307393497078e+00
4.859412064757218097e+00
4.757459510161670124e+00
5.063323328328227291e+00
4.813048059909830201e+00
4.769698934906535293e+00
4.882883286502643472e+00
4.918604104523716103e+00
4.892773916766609332e+00
4.805440830412634590e+00
4.833963339320863639e+00
4.835358360244706333e+00
4.798222692522108090e+00
4.933914641333349671e+00
4.887813958038677242e+00
4.899757551677576650e+00
4.795195753329172028e+00
4.852932126584434513e+00
4.848414814447922438e+00
4.754223695908929237e+00
4.966065154845308527e+00
4.860571257511907994e+00
4.972046933058737572e+00
4.798922361094922096e+00
4.925427145648550109e+00
4.937647889406228785e+00
4.917373554038062089e+00
4.803048135752987946e+00
4.884288163853544695e+00
4.851642497644975904e+00
4.896990077525774865e+00
4.750999554638476674e+00
4.726343706379554810e+00
4.747317775804861917e+00
4.987529014284508122e+00
4.839697124287389407e+00
4.768115111716289434e+00
4.821307176253294635e+00
4.759717524509471609e+00
4.775312171917756032e+00
4.821401076355104287e+00
4.749996108344173074e+00
4.910541971194202659e+00
5.081974726940399201e+00
4.813884722852279197e+00
4.675051900669112470e+00
4.716677499998872314e+00
4.754284268613652387e+00
4.827317823183815193e+00
4.958106998387332709e+00
4.847232433743335456e+00
4.851939379101704475e+00
4.882861393311011433e+00
4.826134649343953420e+00
4.777728229073169075e+00
4.863576605573287637e+00
4.816141656825013939e+00
4.837034495130015266e+00
4.881830432675199560e+00
4.678624830972952786e+00
4.896222215098748443e+00
4.712189949608200479e+00
4.771187068919995333e+00
4.747354017284318495e+00
4.841235580525564686e+00
4.820659381741615235e+00
4.921995273130129078e+00
4.793851470247173729e+00
4.681715012726685110e+00
4.782266641308127397e+00
4.934891207616348474e+00
4.773659933328850080e+00
4.875372427222118610e+00
4.909520240678704184e+00
4.938211462647072558e+00
4.838905277662986393e+00
4.786127287267776254e+00
4.915581814922592052e+00
4.757694187895635807e+00
4.879547099410984856e+00
4.853822021647173912e+00
4.965868717787486730e+00
4.920105209841713290e+00
4.808194785752839095e+00
4.825826095451258624e+00
4.859302281755716990e+00
4.876176899464839565e+00
4.793658134612980071e+00
4.859908871365785643e+00
4.880649281236176584e+00
4.737203449578083259e+00
4.780936446928222949e+00
4.847853746376081574e+00
4.856011319877694632e+00
4.886121869231431880e+00
4.829066343047792031e+00
5.001063054899335114e+00
4.816111392864632634e+00
4.797849448367346170e+00
4.889204169497559427e+00
4.744109807906577991e+00
4.842764257871423617e+00
4.976688262623491177e+00
4.893458892048225373e+00
4.684257589111521014e+00
5.036640828356627075e+00
4.668637039880985995e+00
4.849759944421908386e+00
4.918243413594248103e+00
4.816080542289642885e+00
4.933964112562151172e+00
4.749250676923634451e+00
4.888011104483905633e+00
4.879011575788316790e+00
4.843338718182604197e+00
4.850329490255969489e+00
4.952118613185028551e+00
4.852711579896173966e+00
4.902308932223868432e+00
4.756918593447220900e+00
4.887610364931770590e+00
4.870314550878457993e+00
4.855396347993594652e+00
4.867886934020113188e+00
4.814306989544777871e+00
4.859807060030805204e+00
4.908538059239383244e+00
4.872375707022603031e+00
4.990457689092600901e+00
4.882994598635305827e+00
4.818142437385152022e+00
5.034470999923675194e+00
4.681400226357557592e+00
4.665121243165389231e+00
4.940805352047536125e+00
4.816432859634635300e+00
4.815501720195511481e+00
4.935595343181412353e+00
4.716667722284006992e+00
4.799301620140878910e+00
4.887689700888576461e+00
4.839342057379536932e+00
4.779834617788123907e+00
4.987012062887711039e+00
4.944353204176694661e+00
4.779402412072408346e+00
4.800739632088157904e+00
4.852164276520738895e+00
4.718342779058692038e+00
5.081064488880232766e+00
4.997774686748789108e+00
4.856893676789378667e+00
4.846447035308499629e+00
4.725178853658633216e+00
4.761958367789205226e+00
4.906677975246258150e+00
4.798263108486779949e+00
4.847708261543997921e+00
4.835293839932516491e+00
4.799878193326708953e+00
4.849874519824396657e+00
4.984368322633097925e+00
4.930882500232017129e+00
4.738016374438101863e+00
4.869050593678780459e+00
4.767616367766855490e+00
4.730750408555948638e+00
5.184702190569393743e+00
4.831728873059432772e+00
4.844896580635841943e+00
4.859621689713922166e+00
4.833365803704396058e+00
4.725970848586317885e+00
4.884118356625855917e+00
4.749257401554247693e+00
4.968958832162106987e+00
4.713920724336889023e+00
4.941017951111019713e+00
4.963323941743517764e+00
4.815698520717966780e+00
4.853618623954633726e+00
4.894773161032593300e+00
4.763215751711550539e+00
4.950463359241939365e+00
4.789906162327836725e+00
4.860428030533769039e+00
4.888932101792942575e+00
4.924534482344769870e+00
4.761011611234247987e+00
4.753743979691098964e+00
4.974130917345914504e+00
4.925834473865252860e+00
4.701210883921543626e+00
4.930014897937410545e+00
4.834145194272105428e+00
4.786325505781733547e+00
4.864696601186746072e+00
4.838651590110318423e+00
4.773878416485792364e+00
4.843196634913991439e+00
4.765761836268199936e+00
4.845148722100134364e+00
4.930038786581472543e+00
4.717598407431011331e+00
4.733721838020454875e+00
5.007441052086893940e+00
4.847803772086594520e+00
4.845072190112761135e+00
4.793314892833776319e+00
4.957222273787494693e+00
4.876130712068911244e+00
4.910181657293950508e+00
4.796743776154889893e+00
4.930679636160916424e+00
4.837998842644076980e+00
4.843496913191951414e+00
4.732900943918926906e+00
4.738399023195815296e+00
4.842457332844240625e+00
4.737744413562391621e+00
4.966389806778270355e+00
4.898742695898470778e+00
4.803953284338404295e+00
4.768240917710437010e+00
4.882363054815610504e+00
4.785686458746526206e+00
4.741161056113257999e+00
4.807043532161590527e+00
4.914918463000435445e+00
4.800648968255589288e+00
4.856798239258920624e+00
4.826800420597901820e+00
4.865323795100978010e+00
4.954443634060603507e+00
4.751401969449301710e+00
4.946983320332690504e+00
4.764118472503206192e+00
4.853049233241337745e+00
4.822634417248812255e+00
4.709730820977457100e+00
4.883035491461835242e+00
5.058284164186427567e+00
4.861916874264721855e+00
4.897891397984806439e+00
5.121087768959186270e+00
4.874593895662362897e+00
4.798523367366164472e+00
4.837538670163061383e+00
4.688817274192654594e+00
4.921756285067775849e+00
4.798951540296206630e+00
4.724043289038865723e+00
4.828976466090258768e+00
4.762423447147879685e+00
5.062279225297207752e+00
5.030970289021408526e+00
4.965286869827297167e+00
4.910841094180685928e+00
4.746898836025009949e+00
4.778672223994723467e+00
4.960762111284092057e+00
4.731231803514918788e+00
4.885357400552870821e+00
4.813671618284665499e+00
4.976427488726768544e+00
4.849205567250293392e+00
4.815656438727554445e+00
4.790730283146240609e+00
4.989967682285734618e+00
