4.412844641391785672e+00
4.341748404060003175e+00
4.392946081891341947e+00
4.382572986398092674e+00
4.421857314903889780e+00
4.394657935537034987e+00
4.370454580189565341e+00
4.482566720793656145e+00
4.401526083878711582e+00
4.489084096599610163e+00
4.416795741858451585e+00
4.468459244012159992e+00
4.485590853999834593e+00
4.408135749561350458e+00
4.380750645992177894e+00
4.382285062428110223e+00
4.523315864069128445e+00
4.594686681711918297e+00
4.465769119977069934e+00
4.413041199125744996e+00
4.464843104497870918e+00
4.406217444183227805e+00
4.317297963870267985e+00
4.380041089451556680e+00
4.403054685045793448e+00
4.350691302253752113e+00
4.400039092390836792e+00
4.378506000161799250e+00
4.398146845573449149e+00
4.479705241851386077e+00
4.504626393957491537e+00
4.438840994433274290e+00
4.377134646604882384e+00
4.391242664545591978e+00
4.432774751817842862e+00
4.358299664827567810e+00
4.514489046081001433e+00
4.537582111669175688e+00
4.457467313931247510e+00
4.524782001962238454e+00
4.376563538989912239e+00
4.329261268432929910e+00
4.351397301299038567e+00
4.508197876260054748e+00
4.437237678903930060e+00
4.379001735570792420e+00
4.345269466193962593e+00
4.410176368150268367e+00
4.395227347275648455e+00
4.457090666448564775e+00
4.455408741989694832e+00
4.358314956514892202e+00
4.391284055772530337e+00
4.534301707671737347e+00
4.331671189558038648e+00
4.516184498551785609e+00
4.422170439148207954e+00
4.367356361447504831e+00
4.357294898917221104e+00
4.354688651037902147e+00
4.392609178663572145e+00
4.438743414258611963e+00
4.435427714682458777e+00
4.361930153205255678e+00
4.402438257517449216e+00
4.409836649440503464e+00
4.383630008775845077e+00
4.322602872253245465e+00
4.522985710653589564e+00
4.519245020749354858e+00
4.455853057068201117e+00
4.386031630015556182e+00
4.481632171630724137e+00
4.432440637083765012e+00
4.391547660048440882e+00
4.393239218439482840e+00
4.414406418550064437e+00
4.384564852780201250e+00
4.498487308563858811e+00
4.503840159026234247e+00
4.390454575187733077e+00
4.478456625969744920e+00
4.335955079667300538e+00
4.377085256166123095e+00
4.372674943135933745e+00
4.406151204366200780e+00
4.412638684028331149e+00
4.362975508413945214e+00
4.411772111114998118e+00
4.403367953867751261e+00
4.403677915039986956e+00
4.420725054616413630e+00
4.442260468560016662e+00
4.416899761176588335e+00
4.421440259699759956e+00
4.349176388607192578e+00
4.395828681265840920e+00
4.350268836936953321e+00
4.380618689317571146e+00
4.418530831552447857e+00
4.567511799425723495e+00
4.488477822450651189e+00
4.345571437351256172e+00
4.359589588565058627e+00
4.490208808583929567e+00
4.366522948231915002e+00
4.506249933415033659e+00
4.465193967939124597e+00
4.464071851598602869e+00
4.519368914348323329e+00
4.413575157315480446e+00
4.412987186630533465e+00
4.433618390694539002e+00
4.367666191500551243e+00
4.429802149422468638e+00
4.541966666668467489e+00
4.382931449331326057e+00
4.440333990340893600e+00
4.391385798719878331e+00
4.453619197088285020e+00
4.431162757379058625e+00
4.392306617182164530e+00
4.407255342000416576e+00
4.397334578997352139e+00
4.515474965170941601e+00
4.350857577670422138e+00
4.437167620039052629e+00
4.433568125754694833e+00
4.450272558702071279e+00
4.499830793791311123e+00
4.425024824237698162e+00
4.438089071569952360e+00
4.363133594151200612e+00
4.392160005657989252e+00
4.441541269085592880e+00
4.492628465857237963e+00
4.425777745985994827e+00
4.436942352813417756e+00
4.483473015943283180e+00
4.420684128418931103e+00
4.363519295972833056e+00
4.385248525662720276e+00
4.422895118430655081e+00
4.417414995579656889e+00
4.421798808447385376e+00
4.410808575660264630e+00
4.406904446581301649e+00
4.450685170037198546e+00
4.424134515310971238e+00
4.407868977162136659e+00
4.403077689770892533e+00
4.381411598004774532e+00
4.344362529423216657e+00
4.399543788750517770e+00
4.405622851151422381e+00
4.569374289407100775e+00
4.383652027982214427e+00
4.408845143894928320e+00
4.349667273167381332e+00
4.462569099050213595e+00
4.474744988563703174e+00
4.347527189708040751e+00
4.472616435757759135e+00
4.370368395641824222e+00
4.361048102266528836e+00
4.465926620293080518e+00
4.357363871599494232e+00
4.475248724874287376e+00
4.411832964140206315e+00
4.414373553591599553e+00
4.439594495310239530e+00
4.503853686946266421e+00
4.506394272889656882e+00
4.555581193919621796e+00
4.472109590390139111e+00
4.375792318722794505e+00
4.407166941949741457e+00
4.462820305483250038e+00
4.465426234404588968e+00
4.423362641116040272e+00
4.444048846969629096e+00
4.482109338225012785e+00
4.384866042183078072e+00
4.377861669057480754e+00
4.445379235932595208e+00
4.380271948752296751e+00
4.448304149033288191e+00
4.470472817743034177e+00
4.337970584008270514e+00
4.443658844152305498e+00
4.547909687244960253e+00
4.521712491619266139e+00
4.403517245702150085e+00
4.443178660371981614e+00
4.392719213962776870e+00
4.447259206942677956e+00
4.423774022938298245e+00
4.416895052872026994e+00
4.397452638303026795e+00
4.426648626482988291e+00
4.372788631093804668e+00
4.416332948891506405e+00
4.404843877921759798e+00
4.389611427320374126e+00
4.485573080340377494e+00
4.330315766096320296e+00
4.345301285512333855e+00
4.465693195895820367e+00
4.510888521413583874e+00
4.370965778080379671e+00
4.498412005567187677e+00
4.498877109764277904e+00
4.480219903325314945e+00
4.382364102495047931e+00
4.407228441358998161e+00
4.438124698740949725e+00
4.462751613180224730e+00
4.471069323915908278e+00
4.561848456027378873e+00
4.354342540364648073e+00
4.465577108011398622e+00
4.382563020313369861e+00
4.407133323121578350e+00
4.414286636809693576e+00
4.439748275965600399e+00
4.491430614056683979e+00
4.490245590377945462e+00
4.416779020929242350e+00
4.519210719855825786e+00
4.377272519667513961e+00
4.441218194438801170e+00
4.488990474403831143e+00
4.507581142166540822e+00
4.394706092121167806e+00
4.378991533120855983e+00
4.374037579295343647e+00
4.424733638158912186e+00
4.393738545666601603e+00
4.441786282536537733e+00
4.400922777334584701e+00
4.357228022506323128e+00
4.545805741709393111e+00
4.438768610201696774e+00
4.451422828791613995e+00
4.604274134166151278e+00
4.428587353148278005e+00
4.498778323927930423e+00
4.574333544316798950e+00
4.410457787374119754e+00
4.361914194508461406e+00
4.425290066804616451e+00
4.590779339773071399e+00
4.376313948029107337e+00
4.423503433734751411e+00
4.384100903442425867e+00
4.473746644897394376e+00
4.304339518610079907e+00
4.396838461905775652e+00
4.396735960336128457e+00
4.399612777544129827e+00
4.386118056598976800e+00
4.371002269341160762e+00
4.556427825752881411e+00
4.551346601246140544e+00
4.480533520338975784e+00
4.498358262839433408e+00
4.377471223923823374e+00
4.444382915792962407e+00
4.412254883919568549e+00
4.392677588502516883e+00
4.342681683041904606e+00
4.354840925934123419e+00
4.450553409283162232e+00
4.404485175167281774e+00
4.486125258770604418e+00
4.450169210793355923e+00
4.376192428079264118e+00
4.371216081479794902e+00
4.540077086175142718e+00
4.373830409894494231e+00
4.361460577154673501e+00
4.501504743927654317e+00
4.392227244454359969e+00
4.605466065899348926e+00
4.499796118042474369e+00
4.407369011127363123e+00
4.358133683520341251e+00
4.483065655106545755e+00
4.491711995414188863e+00
4.434703038733908365e+00
4.359085770248522174e+00
4.405359181654803891e+00
4.390957372644221479e+00
4.366774382625394857e+00
4.461006121359013754e+00
4.485523662111054577e+00
4.410397535904150068e+00
4.418460331490729587e+00
4.427165360706240449e+00
4.348220805640599984e+00
4.533145342547459045e+00
4.395893800051504208e+00
4.382990738955710341e+00
4.392087874347695653e+00
4.524411311978883354e+00
4.548332305681236143e+00
4.396799403212499513e+00
4.447757214516340873e+00
4.441637909903280779e+00
4.414419698052860497e+00
4.414152626395451584e+00
4.415775571402128286e+00
4.414737295209265611e+00
4.378297941369604374e+00
4.445881350958682532e+00
4.345589931992132726e+00
4.436180474401403728e+00
4.333596119988240680e+00
4.444184903481709803e+00
4.381830028055436976e+00
4.448631530759124431e+00
4.393516011708621605e+00
4.400873144623827393e+00
4.339119029758138346e+00
4.406745296400159440e+00
4.431308793001297097e+00
4.408696675266119414e+00
4.497768053307182434e+00
4.452919926530329420e+00
4.348370275698464127e+00
4.571708431325252064e+00
4.418547825836174781e+00
4.429313275256866689e+00
4.442693967976380165e+00
4.398103638506942303e+00
4.371606845963503574e+00
4.444279139483565011e+00
4.480803696190355900e+00
4.420772120798700300e+00
4.355649680973165516e+00
4.357894887432679276e+00
4.449663254611993857e+00
4.368607611032967242e+00
4.388855794518099707e+00
4.346051773231417670e+00
4.533726507791380200e+00
4.452556072499547213e+00
4.415650340747228952e+00
4.429770982143832470e+00
4.473849635748380571e+00
4.397765750797876905e+00
4.481036299710779325e+00
4.359222182611850016e+00
4.385263147693110319e+00
4.377084737984778151e+00
4.595449389699971299e+00
4.503366857525877620e+00
4.546735391038390084e+00
4.366817111778383165e+00
4.407355131315146224e+00
4.421937620564275306e+00
4.395827099274541183e+00
4.410767014147045195e+00
4.355162798959688608e+00
4.411439959851523263e+00
4.479477644700377681e+00
4.448036352062236354e+00
4.446056613748004871e+00
4.424506138575509340e+00
4.344589277173181330e+00
4.388629968845211948e+00
4.418667566759261867e+00
4.425133135977402432e+00
4.420540991814156939e+00
4.496406522648309867e+00
4.460986329039767995e+00
4.545079248835818930e+00
4.421273773833433118e+00
4.383277133218125066e+00
4.497029324879864731e+00
4.370975801978386421e+00
4.417409073229982219e+00
4.431685840833472056e+00
4.432065924234279919e+00
4.405200755724536954e+00
4.377631053607117018e+00
4.412275012122218065e+00
4.355980398964089062e+00
4.339039180089026893e+00
4.372684676868629161e+00
4.437622301498594268e+00
4.411739218570944310e+00
4.406826792950567118e+00
4.375775225277680924e+00
4.386990948016401326e+00
4.412600472839998567e+00
4.373074555773816208e+00
4.469039305922040128e+00
4.473403020858463641e+00
4.465137733928731478e+00
4.416397583399508164e+00
4.438197896367973350e+00
4.381538380933082344e+00
4.465641439435477977e+00
4.380534540783728836e+00
4.400787320686141868e+00
4.449513468761598034e+00
4.519283592274148553e+00
4.436816388375859788e+00
4.448706196713936301e+00
4.366626771957108133e+00
4.384119725159523639e+00
4.433166449483312732e+00
4.359317571796022861e+00
4.465497555236295213e+00
4.472990857910565055e+00
4.404122369538765014e+00
4.424468905541757202e+00
4.417242236836059988e+00
4.435663400617367635e+00
4.409806037918882815e+00
4.411757163349145472e+00
4.417650865497452450e+00
4.409843789989158935e+00
4.347270830597906865e+00
4.461796434035413483e+00
4.495715581643047187e+00
4.446379059415935586e+00
4.441878596291467751e+00
4.402620846512486530e+00
4.358623438016388185e+00
4.552772676126703111e+00
4.401011850052150898e+00
4.497218742217680365e+00
4.379841559174900034e+00
4.416110529439682075e+00
4.481029856756630458e+00
4.405431518088357201e+00
4.403848401295820558e+00
4.397230465982493897e+00
4.543949442929361204e+00
4.402885799909136644e+00
4.395508113741398049e+00
4.303744195870356393e+00
4.317858391252072714e+00
4.473072243095128186e+00
4.402358206657992490e+00
4.405347538215480974e+00
4.381235241702341021e+00
4.396504491605108811e+00
4.498492221415804515e+00
4.367506741558645267e+00
4.352301065247475620e+00
4.366922909738800485e+00
4.477962264417647553e+00
4.429071634038640681e+00
4.405390094074983942e+00
4.377255053536194929e+00
4.348836980303068422e+00
4.384972239407074923e+00
4.463038641671364104e+00
4.454187197772718321e+00
4.485862728413781753e+00
4.468667985873717718e+00
4.464171912831543132e+00
4.427933952482645985e+00
4.490643037322657349e+00
4.435616625279076963e+00
4.395484331417477186e+00
4.496105908454668842e+00
4.361570221360989486e+00
4.498108427181156443e+00
4.310199988839136687e+00
4.463846269640482589e+00
4.468400886932984761e+00
4.399709783253520357e+00
4.343641967337023679e+00
4.446737660389705304e+00
4.442711912687436815e+00
4.462150255748335681e+00
4.399732990041675507e+00
4.520681132663564306e+00
4.297659594015914131e+00
4.344421259856932060e+00
4.415007515199648402e+00
4.414826162816142485e+00
4.460471213460020401e+00
4.422286520439662638e+00
4.408438506572402105e+00
4.424741967373147844e+00
4.432810737517957733e+00
4.468554109079744485e+00
4.399678540982915109e+00
4.414080131754877456e+00
4.485929290064958330e+00
4.403693522031239205e+00
4.448366423860872665e+00
4.455931317418192705e+00
4.434335107706266932e+00
4.441762907446471509e+00
4.404397696532430295e+00
4.396586660304589778e+00
4.422211361245936168e+00
4.369628770310946209e+00
4.364376136353625313e+00
4.420385798085384010e+00
4.468706142506590595e+00
4.451148324309761151e+00
4.421782349893630837e+00
4.420194900717093311e+00
4.543838482235094567e+00
4.405535584240754865e+00
4.413875905628054319e+00
4.373634352057799823e+00
4.355482880466679418e+00
4.510671884618336236e+00
4.460254597931115228e+00
4.440048046670731274e+00
4.421905272967446621e+00
4.385133882585494192e+00
4.471947442744122370e+00
4.386776631728267262e+00
4.390556566270304550e+00
4.403154056506776826e+00
4.371317767189855097e+00
4.519184076006901307e+00
4.350317878376727343e+00
4.452647641552802682e+00
4.408404149650909432e+00
4.382821231993710320e+00
4.380277484623597672e+00
4.665649992255553435e+00
4.424480080949405369e+00
4.362857493788862229e+00
4.379530782240935949e+00
4.382879297657217954e+00
4.329938051391619247e+00
4.479969035554333345e+00
4.358362980780213114e+00
4.321735923665202428e+00
4.398969408481265830e+00
4.416081859362360085e+00
4.413356089234345525e+00
4.403368521065299745e+00
4.368443728949670479e+00
4.468791363529289740e+00
4.391814438040696267e+00
4.486087404866337280e+00
4.539748231761000952e+00
4.398205280164993347e+00
4.530209865285468318e+00
4.549534184336004650e+00
4.538062865100004117e+00
4.384134028467816080e+00
4.469487311145090125e+00
4.414418513039597869e+00
4.444966005441829182e+00
4.394944082177731914e+00
4.401634234856129702e+00
4.488438493339704571e+00
4.461340716482679269e+00
4.430660984146779668e+00
4.471926136752941261e+00
4.403868745636596138e+00
4.413143934934764978e+00
4.385948820762446410e+00
4.392844818687011710e+00
4.357945033685563629e+00
4.488459133438661652e+00
4.387603022264237929e+00
4.469593340351476485e+00
4.387037062956972377e+00
4.448765512446438031e+00
4.478793937434813799e+00
4.514821392677824008e+00
4.370738662947332820e+00
4.410084468136915348e+00
4.386008648019489975e+00
4.337848971168666523e+00
4.347384190932274350e+00
4.414001246786773969e+00
4.347124868579220980e+00
4.441604815560884489e+00
4.331775967192516674e+00
4.421353655738825772e+00
4.447025898596447036e+00
4.444292327386250463e+00
4.398702586808970416e+00
4.440754589179514156e+00
4.492039612878398813e+00
4.386098791761396498e+00
4.365425513913109512e+00
4.389674008120731052e+00
4.475769441391321379e+00
4.396839682612921685e+00
4.384417856331515928e+00
4.397176584964526569e+00
4.484185133622606401e+00
4.421764020048025934e+00
4.335012803951743265e+00
4.357136084954626121e+00
4.398890011415566015e+00
4.572476333247420754e+00
4.436934757531950879e+00
4.416722667445478478e+00
4.396725991590415106e+00
4.472610700804788841e+00
4.399383101542116314e+00
4.331750564373609613e+00
4.438106020058486756e+00
4.406192873873686189e+00
4.385473524735724382e+00
4.514703449787724310e+00
4.441934063060912763e+00
4.395972648596748300e+00
4.458348945268499008e+00
4.408132656906774471e+00
4.555098073862478891e+00
4.430981125545717880e+00
4.556986970605024112e+00
4.399197146209322007e+00
4.472536252654689015e+00
4.414828759435519778e+00
4.316969794495186363e+00
4.476431088297416316e+00
4.477460970079103042e+00
4.441026297381522880e+00
4.510453153320185926e+00
4.469158431409461230e+00
4.468248557819742395e+00
4.541185930757710487e+00
4.498782956980837078e+00
4.379872271079767287e+00
4.364388118668132144e+00
4.544705827353656247e+00
4.322097604853353481e+00
4.488987259266041363e+00
4.352614157277911566e+00
4.378040670358950059e+00
4.372504453718764061e+00
4.440956392431264277e+00
4.435795701831544591e+00
4.359893488002843931e+00
4.398508288551988166e+00
4.350474225623337965e+00
4.388469638116753835e+00
4.333813664723194847e+00
4.400372692975315303e+00
4.402487999920318806e+00
4.471594472296897216e+00
4.512122768107162507e+00
4.386987455584475448e+00
4.438091558781262158e+00
4.419804204173356510e+00
4.389191416750534813e+00
4.359275492925918094e+00
4.360369189054839723e+00
4.376898539913304020e+00
4.379335793754496109e+00
4.423843292315698505e+00
4.434675718919001142e+00
4.375480910364842657e+00
4.352668706263891352e+00
4.403178423541683983e+00
4.495385473614545546e+00
4.482617470360101386e+00
4.473403294569514799e+00
4.472835214079553090e+00
4.368849410940570444e+00
4.398671968708661062e+00
4.508379168872637344e+00
4.449886127614115949e+00
4.370686631646032438e+00
4.368271581042953322e+00
4.403521437690821827e+00
4.534416843971671440e+00
4.483675933738207497e+00
4.456395006061701913e+00
4.446353444208784644e+00
4.363300641244508782e+00
4.447597712148276372e+00
4.470283494715112660e+00
4.388392266817890075e+00
4.435267558905300334e+00
4.414362975108375942e+00
4.380822489152556898e+00
4.358464806664291480e+00
4.389395282301992829e+00
4.425029266349971735e+00
4.343971553005994579e+00
4.484162073403794579e+00
4.416649333255921128e+00
4.424452514598899988e+00
4.455206143235678873e+00
4.412518288581850356e+00
4.487039296783494002e+00
4.513736335676155065e+00
4.438152957910663332e+00
4.443981610855589182e+00
4.361824780488485764e+00
4.458561419646152935e+00
4.382476176953785441e+00
4.376445328322736472e+00
4.364521341555715139e+00
4.490677237663348365e+00
4.546589308841348043e+00
4.355592316045114210e+00
4.488619024143979175e+00
4.407005332259698704e+00
4.469180078790545352e+00
4.579873147030907532e+00
4.413219514483893491e+00
4.423857351961794748e+00
4.420755052574944166e+00
4.509305750998354512e+00
4.473429047398891356e+00
4.475731343396666340e+00
4.359442927765701192e+00
4.437650132002480596e+00
4.357522682850392570e+00
4.390910103159073152e+00
4.416900031030242424e+00
4.419672109912557545e+00
4.355908370224242709e+00
4.534927034243549038e+00
4.393873382509164927e+00
4.322144023010604741e+00
4.372174766129126589e+00
4.457153556111872916e+00
4.366814541452588294e+00
4.393191907726306411e+00
4.415057950072984738e+00
4.441837293151750465e+00
4.453989090903495374e+00
4.495218377454440528e+00
4.375358095127188207e+00
4.371001571315788148e+00
4.548039553264444201e+00
4.376786620380967108e+00
4.395898254184259279e+00
4.332530941336139918e+00
4.318877272327003247e+00
4.497964014208201355e+00
4.376282572221896316e+00
4.578305466512950339e+00
4.429420561269331813e+00
4.437662614385765814e+00
4.486810706198349763e+00
4.460154312962364642e+00
4.461484595529218389e+00
4.368696208432421457e+00
4.409301624492596439e+00
4.325708700795534156e+00
4.428503287208213735e+00
4.373990590584164728e+00
4.333075428879562985e+00
4.373605089932766532e+00
4.397351796972302829e+00
4.403026483780099198e+00
4.491878866847064167e+00
4.358297298950959409e+00
4.394160159871282723e+00
4.354144859993803074e+00
4.382446490377811088e+00
4.416195576166711767e+00
4.383583707521884421e+00
4.378247497421716261e+00
4.365519632845110465e+00
4.492644782513761648e+00
4.479201892772763038e+00
4.424061446355304739e+00
4.405963256962960095e+00
4.467920803297299237e+00
4.477205753566461333e+00
4.431856003142195632e+00
4.433763867857164698e+00
4.382721196440826361e+00
4.460199637870964295e+00
4.431973712197671667e+00
4.434468752926079560e+00
4.462407305602676288e+00
4.454202988150073317e+00
4.367118714044709193e+00
4.375042751001569918e+00
4.470800411577431355e+00
4.463796420882253813e+00
4.481243866287085709e+00
4.456034116376318188e+00
4.362742395153210495e+00
4.449046473828085269e+00
4.509926469308433994e+00
4.474927710780416845e+00
4.446194635092368230e+00
4.388664612579184165e+00
4.528523693884437762e+00
4.464040792948710035e+00
4.536925488488569691e+00
4.483925796655663376e+00
4.375491212006137332e+00
4.609782190511687361e+00
4.445428708637046533e+00
4.361652280439905383e+00
4.417701845331865051e+00
4.506765451858021798e+00
4.341325255333925881e+00
4.423682776760566426e+00
4.416633197390210874e+00
4.377558624109898489e+00
4.443028597771689903e+00
4.352117031470251085e+00
4.396130942540511732e+00
4.525278891161631734e+00
4.463782518448811132e+00
4.373162021406598043e+00
4.368169760804136104e+00
4.521253254485418260e+00
4.358236027671457791e+00
4.380923161298716728e+00
4.348652282119080503e+00
4.489860328492890851e+00
4.381537815544517933e+00
4.352321229661487045e+00
4.418354996961548764e+00
4.451992210219651191e+00
4.482985492639638636e+00
4.449213431281706654e+00
4.412323569532103029e+00
4.428412048360256925e+00
4.430233374820459424e+00
4.475804589413542978e+00
4.388052703494624396e+00
4.391015990105296751e+00
4.411429380328906191e+00
4.479405472803761334e+00
4.398275219895918298e+00
4.347901178565595437e+00
4.650298704460147370e+00
4.588462418464227532e+00
4.430216832020501982e+00
4.384561781755486720e+00
4.414664417052054368e+00
4.412734400080962516e+00
4.364968882176467169e+00
4.371834181143336551e+00
4.495219121335383150e+00
4.422827997557617685e+00
4.410010056546971313e+00
4.511284313661596990e+00
4.497573805073382225e+00
4.461471869848961269e+00
4.467316522353799613e+00
4.428718273099195635e+00
4.415943669800936888e+00
4.391234735684771628e+00
4.460339033712865664e+00
4.427994907639481781e+00
4.432760429578819661e+00
4.470906520568226128e+00
4.429304278408107365e+00
4.414666876930777306e+00
4.386733631062657679e+00
4.365919599951151753e+00
4.357750888796031674e+00
4.506326621017205269e+00
4.389288142266672743e+00
4.566870674289113197e+00
4.373472935838445430e+00
4.555507292862208679e+00
4.468091302025246847e+00
4.335067850300756476e+00
4.442224531695716294e+00
4.409686832029688475e+00
4.491062258638351956e+00
4.465042157894173691e+00
4.431501677893329827e+00
4.439637499273668908e+00
4.422197902161994598e+00
4.373898042294589672e+00
4.368858444666492424e+00
4.362744737478141843e+00
4.423198447384897314e+00
4.376638416078803218e+00
4.432662089121287785e+00
4.403785292601305024e+00
4.409795602831270145e+00
4.365238829321380187e+00
4.426475798376432458e+00
4.395387800315309512e+00
4.454585289250918123e+00
4.456759175687030172e+00
4.473928932898504129e+00
4.359397312795297630e+00
4.488110825024813622e+00
4.380682576561191865e+00
4.334427235344858964e+00
4.443435963991968052e+00
4.549758428065136862e+00
4.413386818897429009e+00
4.409871284655492829e+00
4.475938986379704332e+00
4.402671306179610333e+00
4.319163661529825227e+00
4.340523649094240710e+00
4.352496669077587477e+00
4.436705156049240095e+00
4.453925946725393104e+00
4.362938976695815541e+00
4.390930204879941456e+00
4.420966556891104737e+00
4.481734256501979985e+00
4.347182678149144941e+00
4.418419300809715011e+00
4.390436668416768384e+00
4.546850118519556005e+00
4.363827801523471273e+00
4.482781491059685486e+00
4.441346767029265230e+00
4.350823910226168323e+00
4.429853897796646400e+00
4.432058456035259830e+00
4.466693592621665765e+00
4.451584006043012742e+00
4.356959586086082581e+00
4.414380639804859285e+00
4.429098492401053910e+00
4.407303908825397798e+00
4.383848239380875533e+00
4.445296542163484688e+00
4.408464362593951691e+00
4.426291374986073279e+00
4.441503512098192274e+00
4.379219873117630613e+00
4.395724235172920658e+00
4.475043379865542015e+00
4.343301950978730730e+00
4.457004576836146370e+00
4.421877609877400417e+00
4.420423987998309379e+00
4.505734823052695681e+00
4.387465161137089176e+00
4.405539757702559456e+00
4.465277857000272022e+00
4.415367201684991194e+00
4.443046675163157211e+00
4.531133210221639729e+00
4.442997119970952369e+00
4.425059986389153543e+00
4.333604086022591950e+00
4.496059752393711584e+00
4.400011807473523717e+00
4.354027151236031123e+00
4.471470735784399686e+00
4.393995572794464621e+00
4.488248069369051407e+00
4.443952524059071152e+00
4.390762415229914950e+00
4.400425076922261702e+00
4.426718833489307059e+00
4.418490977621446270e+00
4.394126811289321921e+00
4.394148447289276227e+00
4.336298895452054047e+00
4.417728042829200952e+00
4.402597360866822740e+00
4.334000869121790167e+00
4.451921652180999445e+00
4.418617428836759231e+00
4.555646713990707752e+00
4.438161065485271450e+00
4.402327559168861981e+00
4.524434199164734771e+00
4.431300769034320908e+00
4.403764168269288071e+00
4.334904024077903983e+00
4.484919629202511082e+00
4.429513069698462147e+00
4.424369908272504759e+00
4.439632965376882900e+00
4.411054809952741351e+00
4.470261691175062779e+00
4.502039737753494641e+00
4.389528367037868861e+00
4.341331604987360038e+00
4.465396185130367179e+00
4.454916981584887026e+00
4.333835878575674982e+00
4.421910569084375631e+00
4.457113656126672652e+00
4.418526660912561077e+00
4.560198072651650669e+00
4.451844824189445937e+00
4.453328208609286243e+00
4.413925512869701251e+00
4.462060854956550138e+00
4.397378361488862630e+00
4.413871602955397044e+00
4.398056603411169441e+00
4.447446398889534969e+00
4.393637289614189534e+00
4.375869364647271276e+00
