3.998382439665269406e+00
3.997670843611033753e+00
3.975073301559408190e+00
4.021923369439620366e+00
4.008233148068831575e+00
4.035102036584462759e+00
4.048308075875766576e+00
3.950864612856334723e+00
4.035500521159280929e+00
3.976553307343131394e+00
4.002154144292508597e+00
3.970205610065057567e+00
3.957187461332517309e+00
3.998619142383636138e+00
4.010696650014262232e+00
4.020529538421400595e+00
3.923828354502771010e+00
3.930870976517277793e+00
3.960833737435642821e+00
3.991235276736940119e+00
3.975468539991107608e+00
4.005161796039343081e+00
4.036862973157613332e+00
4.004644462097867397e+00
4.027562422428885291e+00
3.999281705549119437e+00
3.980862128694679924e+00
4.012137947631055468e+00
4.004624271263932833e+00
3.982300271391995494e+00
3.962933807235244466e+00
3.998602700754218198e+00
4.014112341464195488e+00
3.992737094183905544e+00
4.031520641508999248e+00
4.046084964533175565e+00
3.963839990927528145e+00
3.871148509102395163e+00
4.005702878419694635e+00
3.953940249930860684e+00
4.052506262147169913e+00
4.031387585447292921e+00
4.004968391946851725e+00
4.008969156858595895e+00
3.976888884130570734e+00
3.998402947437579513e+00
4.049108083746522979e+00
4.037783714915083699e+00
3.993116018070252071e+00
4.009811078166967135e+00
3.983823780044865259e+00
4.041243499721239196e+00
4.001168255803498219e+00
3.987987277479408288e+00
4.028800699967709065e+00
3.994066879244961399e+00
3.971979392117710006e+00
4.042457190465271744e+00
4.036236370248035499e+00
4.023865305187159791e+00
3.976065182661447039e+00
3.936864920745863472e+00
3.982197954028580344e+00
4.021067512576881775e+00
4.015575878523274689e+00
3.999735732256687104e+00
3.985981390236129407e+00
4.007733568673056190e+00
3.968659354960499375e+00
3.938783897599307693e+00
4.032451563089690438e+00
4.032008468790988509e+00
3.982630057946515478e+00
3.987316535669968243e+00
4.018867718142804968e+00
3.992062450792997819e+00
3.975502385237684067e+00
4.046339877365398685e+00
3.986145327563585194e+00
3.944213302199554239e+00
4.009232060887907956e+00
3.986424725039192207e+00
4.055973560226517449e+00
3.973151495554399837e+00
4.030564570414991721e+00
4.031620231123293152e+00
3.978004323224722416e+00
3.988660838929011021e+00
3.972684864957453321e+00
4.035006180724009184e+00
4.024737080286366897e+00
4.025904592849354202e+00
4.060519513522212520e+00
3.979984986309115680e+00
3.968770508604851255e+00
4.018780528585622847e+00
4.016879171267563109e+00
4.052273048396291877e+00
3.922198660038367368e+00
4.042198178986911472e+00
3.930131254845632416e+00
3.975435046145247231e+00
4.003052762186237956e+00
4.031641619134940235e+00
3.929502697065239136e+00
3.988696196570607810e+00
3.968648732472859209e+00
3.986378546160801228e+00
3.980838900219687115e+00
3.991894266761788934e+00
3.972185014900874833e+00
4.024779393392114102e+00
3.954813429426618399e+00
4.000567578892234799e+00
4.011523562030311574e+00
4.004791490661753883e+00
4.034623129591420998e+00
3.994697098653456901e+00
4.064116209553223058e+00
3.956304467053408658e+00
3.972245161662173007e+00
4.008605418494708417e+00
3.999180712782806957e+00
4.010331945355881444e+00
3.980994512327369783e+00
4.020008732302976284e+00
3.981215774299419419e+00
4.024773367275412461e+00
3.981511191181266174e+00
3.969841197313936032e+00
3.981379349380886445e+00
4.026420344806472151e+00
4.020582087714601904e+00
4.028984731033154354e+00
4.000836112156405555e+00
3.993092794415479041e+00
4.003882165299280871e+00
4.014174208025263368e+00
4.017563716513219418e+00
3.987523305593614786e+00
4.023660803161153154e+00
4.015499101320451736e+00
3.973897407901330947e+00
3.955568111028348710e+00
4.052376093185706019e+00
3.989696849435380610e+00
4.014865146748425317e+00
3.951576143500035609e+00
4.005651196034693662e+00
3.966286853975239612e+00
4.025899798467497348e+00
4.062467331287888506e+00
4.037283015239583328e+00
3.984105669413075201e+00
4.059559413919560988e+00
3.952462051189843173e+00
4.031144864702801200e+00
4.018186344698902346e+00
4.043890952059528310e+00
4.005802497212465063e+00
3.989441879708904182e+00
4.034017764217098900e+00
3.988225800006945487e+00
4.039013952086645709e+00
4.053212973423406140e+00
3.966762573509531098e+00
4.013681944877400376e+00
3.985989478880787917e+00
4.039616706429308479e+00
4.006931788501527869e+00
3.977281475007915290e+00
4.027402196230847053e+00
3.968585350759761710e+00
3.950679663332976155e+00
3.986955578988377269e+00
4.000878909787021875e+00
3.981704688113638646e+00
3.993665745411981494e+00
3.959223774444989630e+00
3.994214208740867633e+00
4.033651386268888750e+00
3.963650856028697600e+00
4.028754971687067865e+00
4.001036418073662837e+00
4.003988076826237474e+00
4.001990523451171455e+00
3.958026906858512550e+00
3.980558273345764952e+00
4.024496641644740080e+00
4.017254032331836200e+00
3.900811892742335196e+00
3.926195420151908699e+00
3.969512552809860484e+00
3.954543843723445029e+00
3.984430445635718687e+00
3.989480826435339633e+00
3.984821230785171586e+00
4.020249230140747088e+00
4.042257826957468048e+00
4.006102766675698312e+00
4.011437209159699258e+00
3.991046969756717022e+00
3.966705145494368256e+00
4.042485308780329412e+00
3.939807272873915078e+00
4.043077306600499909e+00
4.058266085670571677e+00
4.042629732804206455e+00
3.963515294754846874e+00
4.020000572552799412e+00
3.960803597826747513e+00
3.932239804725343291e+00
4.011959504596283921e+00
4.015072160374698385e+00
3.991011219767306439e+00
3.970137825987095859e+00
4.006407077505572012e+00
3.955066674977171015e+00
3.952091506167414003e+00
4.056894208766661514e+00
3.989418065749858577e+00
4.029770030102635126e+00
4.018739730520067610e+00
4.038228138505507658e+00
3.992729789345287994e+00
3.984612689106036498e+00
3.949946504450263074e+00
4.005111645323373715e+00
3.974672451988986666e+00
4.038253064232658396e+00
4.011915725235559727e+00
3.955636660442921837e+00
3.957829125134231685e+00
4.030269924160689854e+00
3.989667568732638170e+00
4.027809512503315759e+00
3.979543010345681697e+00
4.003531926586283873e+00
3.988971448851917234e+00
4.030328925688051456e+00
4.009995746996590782e+00
3.970451455970132049e+00
3.970909334560395187e+00
4.003534345111372517e+00
3.959851621834464375e+00
4.004132467531200668e+00
3.952174337574418495e+00
3.890671996951643230e+00
3.991909105471544983e+00
4.030192730988044758e+00
4.014815936513764782e+00
3.931445827865925668e+00
3.998692790913036976e+00
4.001775421304222036e+00
4.024028504726372191e+00
3.977514031633619496e+00
4.072206100464438094e+00
4.003716718361499005e+00
3.981033793927936770e+00
4.005605497587479746e+00
3.969295409928457641e+00
4.026458344347322971e+00
3.937104727968196993e+00
3.908137963430059258e+00
3.978034531651926109e+00
3.956604001826260042e+00
3.985245054259019426e+00
4.014662663313646185e+00
3.944550912320909486e+00
4.009498619245143836e+00
4.036967765251234574e+00
4.014500541101928555e+00
3.967240041294342490e+00
3.981735468627255692e+00
3.968273391115114013e+00
4.014567464961903198e+00
4.001512955711408637e+00
4.045547538423488909e+00
3.994865997517286882e+00
4.002729825549775633e+00
4.026745887732189999e+00
3.957614195153922321e+00
4.009497539558146251e+00
3.927556440604505372e+00
4.002463879278523429e+00
4.022279563764364241e+00
4.020610442635633497e+00
3.985284694862347266e+00
3.987387804894261922e+00
3.998055599924934977e+00
4.029837128216995801e+00
3.967099550613323977e+00
4.007545793817598678e+00
4.009379441505005914e+00
3.974752133513165031e+00
3.929609213934984968e+00
3.999561102970782489e+00
3.962525978028932361e+00
3.976551162311202425e+00
4.041466270588605525e+00
4.029731416786850318e+00
4.054212292319397726e+00
3.989912833481294996e+00
4.023889374220314785e+00
3.986773267064215531e+00
3.922053692523111756e+00
4.020638051915211619e+00
3.982208252450877506e+00
3.969814812184650155e+00
4.007510793895183276e+00
3.994711502768579336e+00
4.021793561377286608e+00
4.021343331437369883e+00
4.031453539946546982e+00
4.006666047431040489e+00
4.067114520781153431e+00
3.997248664180853339e+00
4.046168979870079951e+00
3.960615905158407113e+00
3.969679448838487446e+00
3.945845197882102084e+00
3.981074774296384344e+00
3.992957825748176592e+00
3.997418991325147442e+00
4.038835134283496053e+00
3.986721794741697966e+00
4.033777051106971712e+00
3.930387608472273531e+00
3.942344330682995945e+00
4.036346330192515097e+00
3.944963650674575995e+00
3.990968939914957936e+00
3.993847930723759543e+00
3.995331653997885812e+00
3.963433589717997307e+00
4.016313101806596286e+00
4.014751330456309830e+00
3.983123962357562942e+00
3.981120168911868262e+00
4.012286465503397181e+00
4.058703515074765455e+00
4.009866782849685229e+00
4.011476832938116743e+00
4.030155416576997496e+00
4.032729226853507321e+00
3.952136670298991294e+00
3.987820272474729144e+00
4.006535041372931261e+00
3.972661905824989237e+00
3.966503590614157027e+00
4.022714375790956254e+00
3.982315687427854467e+00
4.033702968953966739e+00
4.026340149176935057e+00
4.023629553725133867e+00
3.915507015231169063e+00
3.967665564744502493e+00
3.917085496302791015e+00
4.046006901804403810e+00
3.989777694140442588e+00
4.004004013443125842e+00
4.022950180271751996e+00
4.032067627590201653e+00
4.043566162372651540e+00
4.000023024832654706e+00
3.964388818701462203e+00
3.979915665623153576e+00
3.986294469560821341e+00
3.980842087933437856e+00
4.039481321891503107e+00
3.973785439849005563e+00
3.974442670120502452e+00
4.018150572098239337e+00
4.035412027622323983e+00
3.981367991345668322e+00
3.979369370320273713e+00
3.906272700966407552e+00
3.997461354551865131e+00
4.061855920671414211e+00
3.994588455471263622e+00
4.054624584064057125e+00
4.014651734963161189e+00
4.005154540004583374e+00
4.017511995087157395e+00
3.960541157737080376e+00
4.020848393918588393e+00
4.014164209564629715e+00
4.039198229727660738e+00
4.031474092676663012e+00
3.995077415614349814e+00
4.021771310700088087e+00
4.018875673558313544e+00
3.998406249445771721e+00
4.021282744276551746e+00
4.011072109010512143e+00
4.013215096587130049e+00
4.048299039321408443e+00
3.961334706496392410e+00
3.980845814873694266e+00
3.999880640192357895e+00
3.971239579815686316e+00
4.011117933199577656e+00
4.036379116023384839e+00
3.977992082824085784e+00
4.059983462689950251e+00
4.014301330167535653e+00
3.979051775780529709e+00
3.935716317568376699e+00
4.013594186674530384e+00
4.021860255338899570e+00
4.023845854533709243e+00
3.995049826278771921e+00
3.966732444000923508e+00
4.047484557493914892e+00
4.001688249657175511e+00
3.960674533699561017e+00
4.009753820971629246e+00
3.938814706632194795e+00
4.047035376476752155e+00
3.937204539087185928e+00
4.011944012680207727e+00
3.947687951258922023e+00
4.012069474453967111e+00
3.981064699340613355e+00
4.034491093185076593e+00
3.996806250941575378e+00
3.961818830121297097e+00
3.957935766077147033e+00
3.998806004407816417e+00
4.064732573397018989e+00
4.026755175896006733e+00
3.900569810981157293e+00
4.028482844586799949e+00
3.971757605283273929e+00
4.037564124119532138e+00
4.022315791388232142e+00
4.018035135652810119e+00
3.996110127333778905e+00
4.001294898871929462e+00
4.001722555598060005e+00
3.938357008486585542e+00
4.001741155490121216e+00
4.025301609383120649e+00
4.057129289756042034e+00
4.059096799563229219e+00
3.934471586337505489e+00
3.981237645043128381e+00
4.008758354925489265e+00
4.050035193066225503e+00
3.992834678017948669e+00
4.002467327822852639e+00
4.024827570287475176e+00
4.076976094052944255e+00
4.015717384480617547e+00
3.981399720386892493e+00
4.074351746905342964e+00
4.000710974060521785e+00
3.998313352824274691e+00
4.060156802452174141e+00
3.995429937184357794e+00
3.984257017708131343e+00
3.976222176322388613e+00
3.965218879214515990e+00
3.967802272234755900e+00
3.968784074657718985e+00
3.988861002517533727e+00
3.954216795304625887e+00
3.930163443155332725e+00
4.022669194777844126e+00
3.959627611615077036e+00
4.029258706175247617e+00
3.982699290068449027e+00
4.016591678240586383e+00
3.946633108368614362e+00
4.015997194554038252e+00
3.993373766395380997e+00
4.013315922547080028e+00
4.014544549020341968e+00
3.961856196583017464e+00
3.943446015493132339e+00
4.019832250920250871e+00
3.987825510866623180e+00
4.044499592076810757e+00
4.035235106450295817e+00
4.041412977923536154e+00
3.978550957322305681e+00
3.990209513316126166e+00
3.995042046709425421e+00
4.021266700662001981e+00
3.982105161943105376e+00
4.017953549159708260e+00
3.971762098447793043e+00
3.995962560903568050e+00
4.058103717677075117e+00
4.007752230604799237e+00
4.037114661175624342e+00
3.968767388252037787e+00
3.966976815973847881e+00
3.981012589871627760e+00
3.948830712012481481e+00
4.016288796611672041e+00
3.989612497325464524e+00
3.960561266632241395e+00
4.021336880039873662e+00
4.005121018722547888e+00
3.963203919293187827e+00
3.927245610471404191e+00
3.967717570256730664e+00
4.000291035023750830e+00
4.024046774130100701e+00
3.903415078133011473e+00
3.983688155992672897e+00
3.985823783403325660e+00
4.010814434226600333e+00
3.997152637324123070e+00
3.928255347925205143e+00
3.991100953024794507e+00
3.957690832410284187e+00
4.008721189402150387e+00
3.999185702818533361e+00
3.949993993990241314e+00
4.054782811138800902e+00
4.055596134879089654e+00
4.019068032370094912e+00
4.023330551965297985e+00
4.007501939906251032e+00
4.006337412577467560e+00
4.012163267801554412e+00
4.039038620930503143e+00
3.978284761987632923e+00
4.029647196409673171e+00
3.949292067607487855e+00
3.966092489661227738e+00
4.066108314224830877e+00
4.011551877092162322e+00
3.997705126008315180e+00
4.020222590393575324e+00
3.930550810439736420e+00
4.012062049070205028e+00
4.051104841514959531e+00
4.050336009418755268e+00
4.024521595529223283e+00
4.009407876008636684e+00
4.007054765886681302e+00
3.982270521960672216e+00
3.950693707567521695e+00
4.001771923738035142e+00
3.978939310963347076e+00
3.905132463796056275e+00
4.034436424759518580e+00
3.911317170994328851e+00
3.931191131330166399e+00
4.016585607593685658e+00
4.017068476322140036e+00
3.964763923841561954e+00
3.989894473444924206e+00
3.998168814957200112e+00
4.038499717447068704e+00
4.018461765281170273e+00
3.972793605038178466e+00
3.933572769448816953e+00
4.003926261775653472e+00
4.044169421135030085e+00
4.023593877432555033e+00
3.959606910037543059e+00
4.051527784520341235e+00
3.999502932327029470e+00
4.028772074314617591e+00
3.990797515917471561e+00
4.008705958710885753e+00
3.987039605265777720e+00
4.013210956107872818e+00
4.015364753729389946e+00
4.004093999441182383e+00
3.985849080752731588e+00
3.977971405186873533e+00
3.972752508379747027e+00
4.003058799998405526e+00
4.058510953992398917e+00
4.058517372833762238e+00
3.994238583206401128e+00
4.037135171107186338e+00
3.969855744292133615e+00
4.061858547728212088e+00
3.971920498611766437e+00
3.995324394647348676e+00
4.006849146587984301e+00
4.046026516298954157e+00
3.993417488183917285e+00
3.913166454486993739e+00
4.028222490601769401e+00
4.022258130903560769e+00
3.996040190721056984e+00
3.989985173826303910e+00
3.974212252881756058e+00
4.019590054974903737e+00
3.985824281496567423e+00
4.028408086489356776e+00
3.978874778844899485e+00
4.052254094056740641e+00
4.008945262241446983e+00
4.025774187649085789e+00
3.962449374510427003e+00
4.008874391038117047e+00
4.010255478297445109e+00
3.982953503640047188e+00
3.985300699037450656e+00
4.046957516618314266e+00
4.037738985632274513e+00
4.028093078408454097e+00
4.020146068131714046e+00
4.021579103534731914e+00
3.977216189421257653e+00
4.007882306223856439e+00
4.035323129547364829e+00
4.011394607463660833e+00
4.017888452914609942e+00
3.955527257221672421e+00
3.981291215787103877e+00
3.965217472615567118e+00
3.984548222416581353e+00
3.981463026506551373e+00
3.982278290279551936e+00
4.055530981785076428e+00
3.983543621255636769e+00
3.992952093181543649e+00
4.033305294851555090e+00
3.971468959634509410e+00
3.993986873879023847e+00
3.931140483054453405e+00
3.955479078248463232e+00
3.945193905204871676e+00
4.043395988028560595e+00
4.023629750365584457e+00
3.991142850486707250e+00
4.042509446933714834e+00
3.982729137866692248e+00
4.028185672330589995e+00
4.018269313782922403e+00
3.997480064950647449e+00
3.986308350885303664e+00
3.950283142013880422e+00
4.024350760077534339e+00
4.066884282292433817e+00
4.005747994721257754e+00
4.014818457964094200e+00
4.067978602173799807e+00
3.994251636774601710e+00
3.992110118510867167e+00
4.023023589854221704e+00
3.976462073257022833e+00
4.046353712781939116e+00
3.973140376971433074e+00
4.001984521813674256e+00
4.024188185912692894e+00
4.026345516949289660e+00
4.035006336997660092e+00
4.008725772076874527e+00
4.006519811598360903e+00
3.990593064133403978e+00
3.948844203780383477e+00
4.011608550144367236e+00
4.046589380287760385e+00
4.017856551316802971e+00
3.968899903284750952e+00
3.933475606955283865e+00
3.933764048703372485e+00
3.946881443076342144e+00
4.035144540060882079e+00
4.030078853911809311e+00
3.922275694735929630e+00
3.986065301101271885e+00
3.970591790034391444e+00
4.002872914506984792e+00
3.997464833754584834e+00
3.928651384094899779e+00
3.994037703449291321e+00
3.985103080222802241e+00
4.021693425714595982e+00
4.053976662974464240e+00
4.016324939100188729e+00
4.007382727830994362e+00
4.021099204221197709e+00
3.991544388278867928e+00
3.983409286243904113e+00
3.992813347800181933e+00
4.020192404868561553e+00
4.016840423539743021e+00
4.007678057615409628e+00
4.045551153556982804e+00
4.006323225939445898e+00
4.011639885098904124e+00
3.996229124417764567e+00
4.024398321923396971e+00
3.992620400074755160e+00
4.001503141478252701e+00
4.025544892466787594e+00
4.002934649287277935e+00
3.971727070341276811e+00
4.010072361300088595e+00
3.957373307529397088e+00
4.027377868670872552e+00
4.037691859293416563e+00
4.011874195809473242e+00
3.988283820650509792e+00
3.994156063741566065e+00
3.998825615338017059e+00
3.956735598415966226e+00
3.982302728305159967e+00
3.981844934526340918e+00
3.857159051979556885e+00
4.005425513860648934e+00
3.984749906289926535e+00
3.988337881692311626e+00
4.020782887851426679e+00
4.006141262821202531e+00
4.020283360677217033e+00
4.056200104607683876e+00
3.950076976579712795e+00
4.027182573166011359e+00
3.997715137321015799e+00
4.032911099082743256e+00
3.985313189010565527e+00
4.045176669885450771e+00
3.923175360342261442e+00
4.007866393531521965e+00
4.044040462341328634e+00
4.063263631345816584e+00
3.968718965618035277e+00
3.998813427977924828e+00
4.051850684778287359e+00
3.995958730507154666e+00
3.971394246589591503e+00
3.943278847655672159e+00
3.978145433103524642e+00
4.036953721695439867e+00
3.989495132821043732e+00
3.942215878869265833e+00
4.037799028222001319e+00
3.996945919809271164e+00
4.077584564185475990e+00
4.036058019160203791e+00
3.962944238484837456e+00
4.017938298785239226e+00
3.940420445916193337e+00
3.986893766276547346e+00
3.973060014650203531e+00
3.961025903921677749e+00
3.991108736995959916e+00
3.957707413309229594e+00
4.073453963909113185e+00
4.071239170205751989e+00
4.047417083928764647e+00
3.997631255505130987e+00
4.020372803634184145e+00
4.041289884120166320e+00
3.875758597261646621e+00
4.020537586896700155e+00
4.033980559161144619e+00
3.953903301897347955e+00
4.031498199751384348e+00
4.037000213866667409e+00
4.040510559608663677e+00
3.978562371250733865e+00
4.035074814460092973e+00
3.989826473018969200e+00
4.026085946525989279e+00
3.991971242403177911e+00
3.974193415266544349e+00
3.957207372940716006e+00
3.958740330540138519e+00
3.991857012834770568e+00
3.927185425149704034e+00
3.961108963052668575e+00
3.987676119449546697e+00
4.020556854452487450e+00
4.020639022663402784e+00
4.002398474827547403e+00
3.968488320932047841e+00
4.005724388846343409e+00
4.004508743216312006e+00
4.005030849829689821e+00
3.991918636313061430e+00
3.972111829982157172e+00
3.946883083466331321e+00
3.966957414995178954e+00
3.942707265371170777e+00
3.930953217157577395e+00
4.024131317970570443e+00
3.987523622788356814e+00
3.942039534805397150e+00
3.980438715894917490e+00
3.970975549760502599e+00
3.988370356276182083e+00
3.963917453678335256e+00
3.977336177772644810e+00
3.935488097626131054e+00
4.009035424055068297e+00
4.031762573483729462e+00
3.950013757394394531e+00
4.002343466630398972e+00
3.987244075650950847e+00
3.972918887319067505e+00
3.957370096405214532e+00
4.048227380472551928e+00
3.891185911009966247e+00
4.000285473880480502e+00
4.026844191368001091e+00
3.977922827989212262e+00
4.033451564807558398e+00
3.981882059182894285e+00
3.964270264803652299e+00
3.937191528322147693e+00
4.055839222100407149e+00
4.051474854717359797e+00
3.988168252906438394e+00
3.999146136508496596e+00
4.050078575586743668e+00
4.031039097767164847e+00
3.929600006224848840e+00
4.001461859721174186e+00
4.075906424109946968e+00
3.955282674859339043e+00
3.973533205726251794e+00
3.909595321785510169e+00
3.991285595207737735e+00
3.977995321529657069e+00
3.946338220410682496e+00
4.000422928625249952e+00
3.958487384998060854e+00
4.051164835107116780e+00
4.009423949977120927e+00
3.977873331921861322e+00
3.977096446428894261e+00
4.013232487136837001e+00
4.020420642255943200e+00
4.030394143851168565e+00
3.928502531443448298e+00
3.980331473642054974e+00
4.012342127803653291e+00
4.019267633562328079e+00
3.958987634964773683e+00
3.975340546528756569e+00
4.054967408428440834e+00
3.987038298591582208e+00
3.996868373401825547e+00
4.023649589848227848e+00
3.978226631136433600e+00
3.989320502071479702e+00
3.969227375716836370e+00
4.035712447992984231e+00
3.977315972393144605e+00
3.950213527737119090e+00
4.018288144430928632e+00
4.007778348444500871e+00
3.971939685650787588e+00
4.039372962456868166e+00
3.964448754067280145e+00
4.006589449347086607e+00
4.036510717504450341e+00
4.014540072621938016e+00
3.982128135239211719e+00
3.995075942845205841e+00
4.001757198133836901e+00
4.016296998103544347e+00
3.902087242749495477e+00
4.031147458958148633e+00
3.961815356814436750e+00
3.988487155631073922e+00
4.041394969480166743e+00
3.999390904576083372e+00
4.006505183868072528e+00
3.932072748959308583e+00
4.002525272195239125e+00
4.028708998242334083e+00
3.989391593292254345e+00
3.999326180431751698e+00
4.018656327108580228e+00
4.026089295458599615e+00
4.053866330013368824e+00
3.929660590647511054e+00
4.027221707707687948e+00
4.007513926691436801e+00
4.013465678926250391e+00
4.035528941805877068e+00
4.022186332670424136e+00
4.022725489127712883e+00
4.005929499419582207e+00
3.956493680570729143e+00
3.974681105690688998e+00
3.999060366366722352e+00
4.021938284907322192e+00
3.959982031007093894e+00
4.018616114691613284e+00
4.044765198241805138e+00
4.000719458349951019e+00
4.006449673344604001e+00
4.020623350989951383e+00
4.001408643259703801e+00
3.999854919065990000e+00
3.969388766634518451e+00
4.009700445542218716e+00
4.026292966893792347e+00
4.034441937987939930e+00
3.991275034099035057e+00
3.987356114127959650e+00
4.016251594614709042e+00
3.998928996737458608e+00
4.032271112648333045e+00
3.956825164142406148e+00
4.062292896312198032e+00
4.042094122195519112e+00
3.997403233050289550e+00
3.974296571998095384e+00
4.031466639995668899e+00
4.000237286717915453e+00
3.949994260557479819e+00
4.020515816733881032e+00
3.973222019146271045e+00
3.989419640399502143e+00
3.968680634646169381e+00
3.982428319725358712e+00
4.016599658597007405e+00
3.943646398696806887e+00
3.952502806707333782e+00
4.000116323698485132e+00
4.018558620229351064e+00
3.967523531878143217e+00
3.944541093387795350e+00
4.037990172357626584e+00
3.967079730157261341e+00
4.043579207924377528e+00
4.079908273859139456e+00
3.971761930056829648e+00
4.056401155710998019e+00
4.002342499776637474e+00
4.004674981489293017e+00
4.024100738183777892e+00
4.000804424148645566e+00
4.014915294025682257e+00
3.986867588088828906e+00
3.983395771735056101e+00
3.981113350856459565e+00
3.995054874953031465e+00
3.950115535066634820e+00
3.987379103831169225e+00
3.984401721004417585e+00
4.021043679199160614e+00
3.979796151057175102e+00
4.041820478197659661e+00
3.998226728867170010e+00
4.001078233085162417e+00
4.058630486625714795e+00
3.986583704091519742e+00
3.980825603921605449e+00
4.035517380675625709e+00
4.063395665347468544e+00
3.965293519165987046e+00
4.007455105295033349e+00
4.040441674617662571e+00
4.011349487904085187e+00
4.071867962292934351e+00
4.021475507794635362e+00
3.982644999837638533e+00
4.050748969809055744e+00
4.022877896230734329e+00
3.994784390196290502e+00
3.993490178268912949e+00
4.012040962106810049e+00
4.011113653744352803e+00
3.968033571913245350e+00
4.006523616696952672e+00
3.979297133074060078e+00
4.045489663373394329e+00
3.975255758187028921e+00
3.973800994782519247e+00
3.997657432036041403e+00
3.937527380169117297e+00
3.999609986640073167e+00
4.005208788254456920e+00
3.940688307631682541e+00
4.044573456340200934e+00
4.014523433303457622e+00
4.028892486492308578e+00
3.983609165854344436e+00
3.998817842717845128e+00
3.987660247616498843e+00
3.988697036536480667e+00
4.009441243407671607e+00
3.929620376035848128e+00
4.008895896700563455e+00
3.997251083774309599e+00
4.054607361131004950e+00
3.974024836611704359e+00
3.987325251252046954e+00
4.014278558870181257e+00
4.025613749306073963e+00
4.029475080649906005e+00
4.002705181441648996e+00
4.054610984517591277e+00
