4.913517407057778286e+00
4.867002625597257826e+00
4.814835181740551029e+00
4.855028833668141530e+00
4.896128743586930732e+00
4.956439990741920099e+00
4.828118580398589543e+00
4.863633822062293000e+00
4.867946033227850577e+00
4.855975297073156227e+00
4.835817010201870936e+00
4.828687634853809918e+00
4.850998926761753260e+00
4.901856639251441550e+00
4.858252347523515979e+00
4.874587523787558219e+00
4.876116611714574667e+00
4.830378388584053440e+00
4.840909500536593413e+00
4.852223957118176223e+00
4.811847927935229308e+00
4.970547684293593171e+00
4.881634205694922457e+00
4.872946415578902624e+00
4.891671018139961191e+00
4.796793578797582391e+00
4.876454329746466421e+00
4.886003049046128588e+00
4.883126328923824921e+00
4.829877795003508112e+00
4.859213041739510075e+00
4.898014753651557918e+00
4.854723471716456018e+00
4.879218536345023338e+00
4.828835554483415393e+00
4.819792192226457495e+00
4.879060636825690800e+00
4.775537414685356197e+00
4.815113817241313043e+00
4.825701554719279862e+00
4.835135245698284123e+00
4.846904933359335921e+00
4.836664921540927864e+00
4.828218529959613647e+00
4.825731070632741648e+00
4.865274448035069810e+00
4.826010218127554374e+00
4.900936483700633950e+00
4.890559838631888923e+00
4.831367066368450480e+00
4.871131717867472233e+00
4.843334709316092557e+00
4.819168707747643943e+00
4.823876213148122538e+00
4.817431533092725537e+00
4.797021586230392209e+00
4.855232230979523500e+00
4.848108805350929806e+00
4.890509315045664884e+00
4.840267493721188252e+00
4.861503557108772355e+00
4.940705141405047129e+00
4.857529266684148084e+00
4.865972540671327451e+00
4.883648188957886660e+00
4.907552395774501086e+00
4.871180218207190826e+00
4.897599807362727375e+00
4.834745232543644633e+00
4.900177815549768390e+00
4.871564468519819613e+00
4.811914117228980992e+00
4.860639740169517609e+00
4.791580791552049412e+00
4.875263813083463127e+00
4.866875114631659116e+00
4.823253668962280472e+00
4.844063234125122186e+00
4.877909298841033525e+00
4.859115402610530765e+00
4.933498625649005653e+00
4.895900509200876272e+00
4.865627232356701803e+00
4.841451113386256111e+00
4.878741961074807065e+00
4.869144440986509892e+00
4.861353491165203877e+00
4.838825661546476198e+00
4.822493494422167792e+00
4.801505636438873736e+00
4.853512264514836971e+00
4.846798010833923698e+00
4.826269908836817280e+00
4.834018004198953555e+00
4.843937076204416492e+00
4.833477591351970304e+00
4.853422695087584060e+00
4.889033387334682956e+00
4.885684671620997399e+00
4.841861304168175728e+00
4.831099824689372824e+00
4.851879206484288609e+00
4.846921873246111900e+00
4.881021454194167219e+00
4.846949423033279025e+00
4.841020886845639914e+00
4.798697611017936460e+00
4.823276887055047091e+00
4.840253120308638302e+00
4.822708932199796905e+00
4.831701228026020090e+00
4.843160752700300442e+00
4.860866653847316421e+00
4.930976402649872803e+00
4.839357195543292356e+00
4.838870529543378929e+00
4.819298416077074876e+00
4.850234609877615455e+00
4.824389164616190051e+00
4.830444330826765054e+00
4.807612080201901783e+00
4.872291879143585192e+00
4.956069375921453357e+00
4.858919963304932921e+00
4.889323675867334629e+00
4.872847287361669721e+00
4.917188797719640903e+00
4.813687907062279336e+00
4.876995447032682840e+00
4.818002053519674810e+00
4.839811500303378367e+00
4.813109381716295765e+00
4.839274567511719027e+00
4.823044842880411132e+00
4.860903689550140960e+00
4.860984521679242221e+00
4.823018203602271292e+00
4.809516335764383754e+00
4.829697021776363286e+00
4.843202744316131181e+00
4.867029371057832954e+00
4.904598894282337973e+00
4.905439440800817508e+00
4.803759603731395877e+00
4.832237146250331072e+00
4.871902800376504139e+00
4.811401589166164783e+00
4.805706944349899423e+00
4.888279272619581839e+00
4.831246951600732586e+00
4.858133836302357622e+00
4.814045301180675196e+00
4.828833503194821297e+00
4.800862190741432833e+00
4.872174209323691052e+00
4.868238792139097271e+00
4.904151096558599043e+00
4.870503958446050774e+00
4.809046576038052301e+00
4.845978805761578023e+00
4.850039526162834846e+00
4.889330057764778026e+00
4.874000171634236267e+00
4.944145506076265129e+00
4.867318970573755621e+00
4.915055840376701290e+00
4.869946323886916950e+00
4.858636301825279169e+00
4.828166660068952787e+00
4.826292191571724288e+00
4.816084753716252109e+00
4.812404526243254210e+00
4.833575456155863925e+00
4.814201558014310045e+00
4.871319267534323316e+00
4.918884191206355005e+00
4.850244080956656489e+00
4.877550484705319711e+00
4.959224805722221241e+00
4.841708735364409932e+00
4.851060919462694798e+00
4.882566676952314388e+00
4.865061386220344453e+00
4.840682367580368073e+00
4.869932647417543059e+00
4.819349408909473276e+00
4.837974158466483487e+00
4.876532772315767872e+00
4.835377468093341236e+00
4.820449033654693238e+00
4.837056510552254274e+00
4.826142304622127455e+00
4.878912786091817111e+00
4.873166618166501429e+00
4.875463002972520776e+00
4.827060817896366984e+00
4.834621992447612371e+00
4.848295152102258143e+00
4.862264617526069976e+00
4.977953412651375587e+00
4.872096185983424199e+00
4.865932209816453025e+00
4.887746407837931351e+00
4.822641062382452048e+00
4.819870839847687272e+00
4.857730091827962227e+00
4.793576632631197931e+00
4.811686110729798571e+00
4.900078309749072325e+00
4.893324502979315760e+00
4.807181393303277872e+00
4.843357377967166144e+00
4.869568702671326577e+00
4.860405847885743036e+00
4.815068626188253376e+00
4.855298379697342348e+00
4.826868135997258946e+00
4.858138135704062499e+00
4.892356772967713319e+00
4.807843243875026040e+00
4.811564974674767292e+00
4.837157617787081421e+00
4.869101123704441925e+00
4.855287503486171552e+00
4.831496107393163264e+00
4.816109274231388682e+00
4.862791387184921099e+00
4.838027774894109179e+00
4.898174496131053601e+00
4.824527815867143410e+00
4.815798278589813464e+00
4.933898539859631782e+00
4.839125124003784251e+00
4.856292127022952876e+00
4.840551030266712296e+00
4.830280834959269853e+00
4.857051765902459906e+00
4.800397490240433385e+00
4.806968232467744961e+00
4.966420757859899560e+00
5.043623421595722967e+00
4.879031007371497530e+00
4.802272970549433140e+00
4.875324794074590962e+00
4.828697722812453463e+00
4.842540225297324419e+00
4.867765883633897950e+00
4.855324832587050388e+00
4.814408081181315247e+00
4.785680612849224858e+00
4.824949827794250190e+00
4.860742936997323405e+00
4.881378450619448195e+00
4.852053127110219855e+00
4.862299071774629944e+00
4.881570326569963036e+00
4.808927684376495648e+00
4.854509792217802655e+00
4.858122084002887142e+00
4.802322799988204771e+00
4.788914479287199377e+00
4.810397768597439061e+00
4.795329618354647216e+00
4.818299904646428544e+00
4.845882227767019046e+00
4.808379627772519704e+00
4.837619359806094366e+00
4.838884676672384089e+00
4.861288864806197374e+00
4.828075271577513483e+00
4.890863006491096954e+00
4.837651516404552154e+00
4.838180672100373947e+00
4.851767966986094471e+00
4.854786133798522307e+00
4.898385347851981209e+00
4.874245940284316347e+00
4.885273174127830131e+00
4.858648110365908046e+00
4.782665010553670548e+00
4.841954250393701642e+00
4.823801834367958286e+00
4.836566985529038298e+00
4.853382778006781528e+00
4.962705820072391028e+00
4.837413337196402097e+00
4.870900504697289080e+00
4.860571187095594325e+00
4.812877933382009310e+00
4.879500998452164673e+00
4.813886323860486982e+00
4.998003208789446816e+00
4.896686833319411569e+00
4.825246791817808578e+00
4.824783507091882306e+00
4.829033078338270890e+00
5.014672451446270607e+00
4.900310558845549558e+00
4.825821589194156935e+00
4.836352252704473997e+00
4.892135497340608374e+00
4.808497585037676103e+00
4.857542547828960444e+00
4.992331260373725321e+00
4.913486369284790101e+00
4.829842688003986417e+00
4.864545241273789955e+00
4.855588992684968908e+00
4.914542451101039156e+00
4.878113085992682230e+00
4.852579128282861198e+00
4.834493338431284037e+00
4.869765021346601053e+00
4.868927342490551702e+00
4.798230789086979087e+00
4.881447296313987216e+00
4.827377978825532878e+00
4.840253246697087341e+00
4.880235051576708116e+00
4.827585870201605012e+00
4.813771997474393771e+00
4.903731685849849420e+00
4.847474762140307369e+00
4.794344811681113150e+00
4.878462138202758425e+00
4.806299522516235712e+00
4.859714121084699912e+00
4.860184089910922545e+00
4.792817133060279566e+00
4.842427799566876523e+00
4.809231254288826918e+00
4.849224580839894827e+00
4.859697322364033845e+00
4.822756510693172238e+00
4.832030101903664665e+00
4.836153556899977168e+00
4.818809530001602504e+00
4.938172693449398132e+00
4.797320095646199434e+00
4.898832652964591361e+00
4.858962400751302368e+00
4.795224988395107246e+00
4.881149786705759830e+00
4.863920523795620454e+00
4.928385559155257667e+00
4.818285115718760281e+00
4.861152067410955624e+00
4.785854025869761053e+00
4.905347280370048857e+00
4.901038618726442309e+00
4.803667905691099804e+00
4.849126226218920088e+00
4.910104204762791191e+00
4.857309412576230834e+00
4.878975784941031790e+00
4.816202552384872604e+00
4.841926125905608558e+00
4.860885360934381616e+00
4.811735692533408049e+00
4.925726591497623374e+00
4.967337203846478921e+00
4.824082754785700367e+00
4.852715872259048879e+00
4.856042117954434190e+00
4.835811066187008400e+00
4.777747718038535929e+00
4.840171209784252859e+00
4.837194345093330128e+00
4.842850897402956711e+00
4.804623834834754526e+00
4.854560818517732912e+00
4.810942557515634377e+00
4.827757251894955637e+00
4.821159752122250453e+00
4.836802260177198498e+00
4.825485177577010454e+00
4.840200270074960898e+00
4.818896506047253503e+00
4.840744540345713887e+00
4.832000001524850319e+00
4.857027145720613781e+00
4.831254133997361144e+00
4.839214567344070517e+00
4.804698295198344127e+00
4.879612556135511703e+00
4.901101265581532473e+00
4.836448434091168203e+00
4.856068154255547498e+00
4.821344065854231253e+00
4.898940828255546442e+00
4.889359340727503778e+00
4.853240278815571074e+00
4.883508455905087864e+00
4.873096068435956774e+00
4.851519076732991209e+00
4.850679822936271535e+00
4.839689129486325569e+00
4.820024423103990152e+00
4.839960789427737886e+00
4.813650545744840414e+00
4.902000974301715885e+00
4.844828738622376285e+00
4.832799646990967979e+00
4.862449963623788562e+00
4.882806072299776368e+00
4.837956054599345634e+00
4.817798786593751714e+00
4.869114701732915051e+00
4.802947483924698169e+00
4.822383992316005674e+00
4.815970115229702309e+00
4.848476285401456032e+00
4.867474015975081336e+00
4.831316905792929717e+00
4.893717117778712655e+00
4.866270467787646936e+00
4.886001252308282972e+00
4.843311108126529874e+00
4.948282021463095148e+00
4.844746353063102084e+00
4.813704071184761624e+00
4.829254205842259395e+00
5.109057008992484938e+00
4.809940423104961837e+00
4.889878976337008076e+00
4.830902840104019269e+00
4.881088487797081932e+00
4.813969444710933132e+00
4.826689507152194025e+00
4.884638728680260833e+00
4.849843331282563952e+00
4.866683107084563531e+00
4.812310863430047547e+00
4.871320596538895487e+00
4.857046025463322536e+00
4.833883938592439478e+00
5.050700573738307497e+00
4.857345736575940265e+00
4.822605810586325426e+00
4.848147686102849185e+00
4.817598160283585784e+00
4.794197019437319796e+00
4.819821063277170303e+00
4.799118701605001647e+00
4.847819171245903114e+00
4.835362626013811393e+00
4.835659119261094929e+00
4.828086836729745812e+00
4.823854260055085774e+00
4.812957976308756436e+00
4.865043861440937256e+00
5.012514335277949762e+00
4.832493827630723437e+00
4.807331328397253856e+00
4.830061484794008209e+00
4.828125836139279592e+00
4.831962805160102903e+00
4.843474449426195427e+00
4.846354345782867945e+00
4.906723737799611129e+00
4.815122757079806526e+00
4.940301658611332414e+00
4.925687565675112900e+00
4.820435105766153860e+00
4.831930909985154621e+00
4.803551500084259018e+00
4.865864643222257868e+00
4.855454562668600538e+00
4.863042053554885058e+00
4.850765807665986529e+00
4.860769520568017477e+00
4.841497424880497391e+00
4.823902466042652826e+00
4.831425496504068384e+00
4.880136214448886456e+00
4.863179000809588537e+00
4.823503318260776496e+00
4.909152715442858472e+00
4.829150346006108485e+00
4.835885624822880757e+00
4.846897021029962893e+00
4.848890838375011114e+00
4.824975346416400690e+00
4.839036081976717973e+00
4.830148831942885579e+00
4.831761826322329867e+00
4.834529910528166496e+00
4.884439892843325026e+00
4.863123572999100475e+00
4.809973623624876460e+00
4.866394886717444912e+00
4.873938091316595056e+00
4.812719437790383026e+00
4.899483455515063035e+00
4.846973556978986686e+00
4.909208876947777966e+00
4.904260495917313278e+00
4.862962402321520550e+00
4.836193344648542336e+00
4.849642218976921271e+00
4.860747195381246222e+00
4.865829032593731007e+00
4.832032248692108567e+00
4.841485794910222573e+00
4.872284804434027450e+00
4.834318457143795378e+00
4.844619060189161885e+00
4.850899353763802324e+00
4.839673822706687112e+00
4.847429478928485302e+00
4.865234309512548982e+00
4.799353309825100666e+00
4.861258496550910024e+00
4.889959939429155966e+00
4.849998564190295625e+00
4.858032437045044283e+00
4.800394865188223115e+00
4.818268666483345619e+00
4.900654290181019945e+00
4.824950295606811324e+00
4.848960893722900956e+00
4.857380658173993560e+00
4.802761800693981620e+00
4.817915472594051174e+00
4.884218225872499097e+00
4.848574739365647979e+00
4.820507902182157522e+00
4.826366147036684318e+00
4.859293542325708870e+00
4.835871340948243891e+00
4.870068586243887054e+00
4.837130801874336861e+00
4.847595534168831044e+00
4.834860200393302776e+00
4.964358501681759961e+00
4.955002835984812393e+00
4.852490861783555154e+00
4.835955436603230240e+00
4.907357875827281113e+00
4.861898933238373743e+00
4.828851700419237503e+00
4.819527918732094740e+00
4.855867252229493225e+00
4.890095810357756534e+00
4.842580063464427376e+00
4.913006613651353049e+00
4.865445719642294442e+00
4.862935734627392037e+00
4.841424298007859228e+00
4.796230882848685262e+00
4.824568899812147649e+00
4.842005623561447258e+00
4.868343874767782964e+00
4.805199117395382302e+00
4.912975244600231051e+00
4.856263714213372218e+00
4.837908519445839772e+00
4.868061367316380839e+00
4.892044090603951290e+00
4.805636065026874348e+00
4.860119406914549245e+00
4.879833859699736820e+00
4.889411752640529407e+00
4.884507716970606594e+00
4.843027891718707956e+00
4.862353226106629123e+00
4.823237065765971998e+00
4.846456722780272841e+00
4.828501869422892945e+00
4.875539471562180260e+00
4.881157135104819744e+00
4.841262334458183325e+00
4.837912646746609369e+00
4.801462432619164389e+00
4.818981922221417413e+00
4.850015621140245869e+00
4.857536028596005195e+00
4.832880553215952446e+00
4.864901123175586761e+00
4.853669700467786896e+00
4.876575450224301278e+00
4.801923263994249957e+00
4.842913241495178767e+00
4.850535116118336099e+00
4.947832727562196276e+00
4.950170758171393182e+00
4.849206473977679011e+00
4.919414029103316821e+00
4.890352381932000725e+00
4.817379262104401150e+00
4.850850523970131611e+00
4.842593813206641506e+00
4.824780256685463620e+00
4.836136354435832452e+00
4.867663641242232941e+00
4.867735185968147249e+00
4.800359499994794277e+00
4.876347596952423480e+00
4.826913907087640787e+00
4.848567003892410021e+00
4.868870693103619196e+00
4.825518758160217914e+00
4.870606507119309647e+00
4.855536573774162257e+00
4.932294098468182675e+00
4.806117108263570081e+00
4.850547786008984730e+00
4.852904099351910361e+00
4.926156558961038989e+00
4.937701964649845898e+00
4.948074590319688326e+00
4.878412492886077700e+00
4.815114598303852134e+00
4.876554378622156349e+00
4.849127763430382210e+00
4.816480077596888343e+00
4.838048716076972511e+00
4.854218513194432205e+00
4.826601479211670487e+00
4.827133138728311401e+00
4.873285013067452986e+00
4.856097944365354913e+00
4.889046230577924312e+00
4.843553326968836004e+00
4.855575881973967611e+00
4.839221964317528268e+00
4.878448590154805586e+00
4.850016514070528473e+00
4.819752902595083377e+00
4.832973477033407406e+00
4.934253255191729970e+00
4.847471452071216547e+00
4.847188705684467358e+00
4.849855289985413265e+00
4.812462497108516146e+00
4.885543832549116949e+00
4.868778508340280808e+00
4.941983295144447119e+00
4.818819849335209682e+00
4.918364657013714059e+00
4.853566288120658712e+00
4.818018647304041835e+00
4.858027898114810839e+00
4.884262200189958492e+00
4.845410553754558869e+00
4.894571727904046377e+00
4.861760624759032368e+00
4.849844139877446558e+00
4.890570455079409129e+00
4.864890296969221595e+00
4.834107516265334858e+00
4.921474588669506822e+00
4.837166124573088588e+00
4.840433898684127101e+00
4.795467883482617211e+00
4.847979439315055039e+00
4.842561919963907613e+00
4.836287706688156440e+00
4.889145839113341552e+00
4.911091546401917363e+00
4.822419044824693302e+00
4.843380672482822114e+00
4.857625126594918186e+00
4.865775935474113467e+00
4.850878583801825350e+00
4.841343249639198376e+00
4.885825403571803172e+00
4.879377381841229600e+00
4.821194170296866588e+00
4.828709487127098576e+00
4.874816234179886187e+00
4.882468899719063948e+00
4.915011812056842899e+00
4.855686085772449978e+00
4.820641728612653942e+00
4.855094995038046868e+00
4.843182264659683156e+00
4.881259336270250770e+00
4.879685752926257614e+00
4.785309275381378846e+00
4.833057470808690859e+00
4.831817513818100096e+00
4.812377931561925948e+00
4.811748181739485375e+00
4.832383679132181697e+00
4.834462869329743562e+00
4.844247727435103457e+00
4.877654792519139804e+00
4.803493339912799698e+00
4.866595292542199580e+00
4.825792144002885031e+00
5.178584024204989866e+00
4.845947751461291197e+00
4.815270258277125848e+00
4.922798057252336434e+00
4.833564242972100189e+00
4.838412326942792774e+00
4.850961006001072384e+00
4.946635545345738905e+00
4.814236842555173368e+00
4.849629482266465175e+00
4.868766438579388733e+00
4.932074866524449597e+00
4.805878279249068186e+00
4.934402474950199569e+00
4.861583254855894154e+00
4.903367259058730276e+00
4.858651704542882754e+00
4.862454083730932908e+00
4.836643597728325084e+00
4.867098070370600382e+00
4.860945857581075558e+00
4.843531467332788942e+00
4.850362896741060581e+00
4.853059980015424379e+00
4.876365408620821462e+00
4.893134507420120904e+00
4.809610930274861751e+00
4.871358375585347567e+00
4.867160523843046427e+00
4.811307683852190209e+00
4.819899482462334461e+00
4.834509985734571913e+00
4.903483211569912292e+00
4.869302101630108126e+00
4.825834365258121039e+00
4.817939793005537652e+00
4.863052841689320616e+00
4.854751984424617639e+00
4.880340267336771731e+00
4.873049047537510781e+00
4.857992107039220464e+00
4.863218580322308249e+00
4.840772329244022565e+00
4.845456114816357740e+00
4.835445915674524642e+00
4.829656518190073911e+00
4.810926866091500997e+00
4.887687135676364925e+00
4.860957191619998063e+00
4.824690382917738773e+00
4.885481720050165677e+00
4.854228942151082471e+00
4.866629116526435261e+00
4.882824984111493016e+00
4.843176471710914477e+00
4.909836384926883568e+00
4.907972908908011966e+00
4.847236870886807658e+00
4.888887958344611206e+00
4.910259422008059538e+00
4.830749971442056534e+00
4.980842198975759416e+00
4.821398944060202751e+00
4.834262436799987128e+00
4.812155613573035673e+00
4.915093103784761830e+00
4.820594661260254377e+00
4.877176490210993087e+00
4.821415130020042739e+00
4.813646250018835282e+00
4.864976333388749907e+00
4.779067798772655529e+00
4.896021914902889627e+00
4.848675098089617386e+00
4.804343366718067720e+00
4.886897832125594476e+00
4.827246729459139019e+00
4.832643656056747616e+00
4.877314771598810772e+00
4.873713610428128895e+00
4.905880511592306981e+00
4.848375475600275486e+00
4.869914894206291756e+00
4.830284642223918290e+00
4.869727586480956383e+00
4.811443060820639772e+00
4.872060972211233576e+00
4.893902486314704703e+00
4.825891469883329066e+00
4.849072246848452394e+00
4.886752806061720023e+00
4.821425954545673243e+00
4.855160195332762108e+00
5.015491629937812057e+00
4.874174562615427142e+00
4.839118897260435759e+00
4.819678649221700084e+00
4.815560789316821300e+00
4.844678596920799052e+00
4.880959991012479904e+00
4.816004090632667101e+00
4.821457600066109350e+00
4.873754550707686484e+00
4.809370483976097788e+00
4.824514949919552542e+00
4.868492256502491067e+00
4.801502986627643743e+00
4.871200488019564290e+00
4.836749941165946254e+00
4.812882402531277748e+00
4.847581075714414212e+00
4.861693989456010279e+00
4.856409707065042269e+00
4.936610406193882916e+00
4.863764562685618742e+00
4.830933413363508677e+00
4.809866995472432016e+00
4.810136130859615555e+00
4.848370428488129491e+00
4.804811193694071392e+00
4.836665326968819123e+00
4.790982588681765186e+00
4.869298843951710865e+00
4.892999590357757000e+00
4.890717715229666140e+00
4.818230186886238720e+00
4.850581408201905198e+00
4.821593714572559364e+00
4.827101227059874766e+00
4.852752825588683372e+00
4.906249307581392216e+00
4.845296355692863877e+00
4.832884234155611303e+00
4.860981319217105856e+00
4.871021078217095734e+00
4.927020987541161468e+00
4.849148889547470809e+00
4.825332398748082952e+00
4.811252803902299924e+00
4.880821286803588954e+00
4.817100408471412187e+00
4.831558791282675180e+00
4.815076950288156077e+00
4.898612789245955668e+00
4.817480246939918054e+00
4.813283336840788351e+00
4.857729717870511443e+00
4.827647960650692127e+00
4.811951797912814577e+00
4.962908480454805371e+00
4.871106126240808187e+00
4.816726753852409892e+00
4.913585938073182113e+00
4.868342446235798704e+00
4.932134350102309384e+00
4.868700093562849496e+00
4.852528864504454198e+00
4.827448551937989052e+00
4.885597739865227496e+00
4.873623355707827010e+00
4.807701833514229861e+00
4.825629229633215722e+00
4.856386549554987830e+00
4.926009800521277349e+00
4.831974941718755190e+00
4.813048205226894360e+00
4.832179951505614746e+00
4.894252921496922148e+00
4.865142517437639924e+00
4.867624965552412419e+00
4.791143206052935533e+00
4.862720622254279590e+00
4.844391835962348125e+00
4.898685261035989669e+00
4.835110817996591592e+00
4.813547884252346698e+00
4.857096738729901553e+00
4.864138345126984397e+00
4.911487610436304330e+00
4.857232584727270819e+00
4.816905069626461255e+00
4.846232103108350842e+00
4.809240111154383435e+00
4.932735923514538712e+00
4.895957182076690728e+00
4.812400984758993694e+00
4.852595486722712792e+00
4.877182971497101782e+00
4.811496785291045519e+00
4.875858738136192194e+00
4.867079172532408293e+00
4.844594590780516796e+00
4.835477306262200514e+00
4.807318853865307773e+00
4.801333309271811345e+00
4.817078870964642157e+00
4.835618602561447155e+00
4.849221896537662779e+00
4.875479849882395911e+00
4.993879496135915197e+00
4.857272707208200480e+00
4.843075210091242866e+00
4.830477267094521743e+00
4.894851867749885344e+00
4.823219406231578077e+00
4.853742706384106320e+00
4.795821227227284211e+00
4.830548979390847819e+00
4.890272087131487311e+00
4.870454464987786558e+00
4.873360230198755083e+00
4.852638144082917826e+00
4.835829310154688088e+00
4.837344235729936770e+00
4.834082799811647568e+00
4.878098453040032645e+00
4.843342708833431765e+00
4.871458493102413634e+00
4.840321867206985651e+00
4.857935297759286897e+00
4.832969514327911220e+00
4.874040143641040324e+00
4.818681837897704767e+00
4.838248871162938336e+00
4.878988139978843286e+00
4.905826742769895610e+00
4.839794734715832547e+00
4.928052177211805329e+00
4.864450001515638888e+00
4.889872787135318255e+00
4.843131383137246893e+00
4.804282504433057710e+00
4.810557314723444833e+00
4.863690530398765866e+00
4.997859387551423005e+00
4.872285335023833319e+00
4.830750971748619449e+00
4.952772653290010041e+00
4.805817793653195835e+00
4.816075368643458532e+00
4.800665379510071773e+00
4.902971081014062982e+00
4.813170604253398821e+00
4.815887780750386149e+00
4.788491854880036591e+00
4.876104098337850523e+00
4.801548176224077480e+00
4.933303233344118688e+00
4.856291102265191562e+00
4.843807185237992918e+00
4.857608186574076115e+00
4.802793094019653708e+00
4.849102323935502667e+00
4.797586649773527334e+00
4.872154967309574758e+00
4.863633192193463017e+00
4.850012034435691177e+00
4.813417228592353325e+00
4.989544521365187002e+00
4.835919276039333248e+00
4.849369470378880109e+00
4.847208681602372060e+00
4.921122682776722712e+00
4.840670525799895429e+00
4.877673128246921230e+00
4.798287351280337454e+00
4.799893292720065041e+00
4.849457779727715412e+00
4.881515421185818937e+00
4.812184956692036053e+00
4.810347708256803578e+00
4.842374369594220518e+00
4.828535651920434546e+00
4.833265266972889940e+00
4.822230592728066867e+00
4.891453614250643511e+00
4.891713907357909008e+00
4.863303679955464531e+00
4.890143071132790453e+00
4.854364405259412152e+00
4.855762029787084266e+00
4.811638638420101977e+00
4.879475096635877307e+00
4.813726276695021511e+00
4.889521953240093310e+00
4.828228435296009202e+00
4.919317984711923053e+00
4.830018975857444552e+00
4.863806975632247287e+00
4.910182004292359181e+00
4.865726492560299654e+00
4.902328312407897570e+00
4.825882809737548129e+00
4.843072667866572978e+00
4.818630717694383669e+00
4.831821990566165681e+00
4.834443436902066793e+00
4.867871975662462880e+00
4.847121297323643496e+00
4.816284932229869753e+00
4.833080651836386465e+00
4.809536892182124213e+00
4.857169856888797987e+00
4.844726648257865698e+00
4.873111336174138053e+00
4.863685024004529289e+00
4.837355063478051775e+00
4.886078431798204669e+00
4.812668838689541317e+00
