2.455138144457866822e+00
2.463389619083660609e+00
2.474702190566878013e+00
2.462423366109913303e+00
2.462807658707575786e+00
2.467946559983996924e+00
2.465236765069420688e+00
2.475500603182846149e+00
2.468004606542710366e+00
2.462273308838390129e+00
2.466004002946502460e+00
2.463113123717340702e+00
2.461915535508790942e+00
2.439540541203357282e+00
2.461339791220167328e+00
2.461419425571059971e+00
2.457009573837370286e+00
2.466678247878699715e+00
2.467528991142158734e+00
2.462207082898023813e+00
2.474131310370327519e+00
2.452116062790176798e+00
2.461086769123861373e+00
2.463282829980009581e+00
2.456259611830417633e+00
2.469610420673754803e+00
2.453492064905297365e+00
2.457695535195548953e+00
2.462962843366819587e+00
2.462582658765991805e+00
2.463120218350503876e+00
2.463727612692020230e+00
2.442315391548794068e+00
2.450677367486431280e+00
2.464319643515933578e+00
2.458755338974084825e+00
2.467237184786458482e+00
2.471131777989786116e+00
2.457832119683101890e+00
2.451477500275314192e+00
2.467149561916306855e+00
2.460948895581572593e+00
2.459190868529778307e+00
2.470042263617492129e+00
2.458450493895111943e+00
2.455412357378461419e+00
2.467742202892979186e+00
2.454036403996338045e+00
2.460785893713179462e+00
2.464391935777449749e+00
2.451097684718866798e+00
2.461021708153677157e+00
2.460538512893162721e+00
2.462787435563078109e+00
2.469321953184604901e+00
2.464728358883415016e+00
2.459912715208980138e+00
2.459007207991447785e+00
2.462871711732413704e+00
2.464072643122933393e+00
2.458426497453566117e+00
2.451348778219442970e+00
2.455591153616536015e+00
2.462726045828479648e+00
2.455006998965842957e+00
2.452275116188439075e+00
2.457614588569616565e+00
2.460280640525495777e+00
2.464872312574204916e+00
2.434835132968392379e+00
2.451310177461193618e+00
2.461669477418245489e+00
2.457973951855152439e+00
2.465341347445672238e+00
2.457602340175204070e+00
2.468351132793493719e+00
2.454406638542651731e+00
2.458598087572831048e+00
2.458453459505673511e+00
2.469999509050606168e+00
2.461623165754667220e+00
2.451846306453458801e+00
2.462038209454119553e+00
2.461477156662943866e+00
2.452120496240468572e+00
2.453570832494784693e+00
2.463766418362332900e+00
2.460842973904505460e+00
2.468355188982509052e+00
2.471255135506465805e+00
2.463212781892865078e+00
2.471038647583244430e+00
2.468551643443635868e+00
2.470001107877179081e+00
2.463258427690457886e+00
2.473517655338734578e+00
2.467750240543367557e+00
2.451063034120612993e+00
2.454847493349371579e+00
2.462869754899399855e+00
2.467915649540605827e+00
2.455123736522763167e+00
2.458375617440969219e+00
2.449160682529492039e+00
2.462558333176150249e+00
2.468461719494364104e+00
2.468517021299618364e+00
2.470156804648745652e+00
2.461590751819855427e+00
2.471153991828922702e+00
2.465104673133171609e+00
2.456585319288884239e+00
2.463877616952533600e+00
2.459103725913539762e+00
2.469958287717068490e+00
2.462024116584771605e+00
2.460913485404308876e+00
2.467278929774807228e+00
2.471509801154514019e+00
2.468489866696260471e+00
2.464494884371861261e+00
2.469358415372841176e+00
2.444743296282239964e+00
2.456180256590805300e+00
2.454252381604749900e+00
2.465519789344205126e+00
2.455590489874499127e+00
2.466234314963493990e+00
2.455636915166650613e+00
2.470110302268468505e+00
2.470934080580494463e+00
2.454722257866073232e+00
2.464836943279052228e+00
2.468775803078917086e+00
2.452835972802734243e+00
2.463321972839210172e+00
2.466466799544640320e+00
2.470560193318518838e+00
2.473609678029638825e+00
2.463634784669849864e+00
2.464942240652325811e+00
2.450252037156906315e+00
2.453686479239286289e+00
2.477897529498557461e+00
2.461980904819746740e+00
2.459151451436808244e+00
2.469640894814512766e+00
2.472798424072656598e+00
2.457985241616273075e+00
2.468798726253144782e+00
2.464327888395856814e+00
2.464860819560858562e+00
2.462443638336990759e+00
2.470470116182785336e+00
2.453633541774074001e+00
2.469449121479539766e+00
2.459081977578256861e+00
2.456632917034224928e+00
2.462925429253980170e+00
2.470019096836426620e+00
2.461501364691847993e+00
2.461083347240173858e+00
2.462494622418343049e+00
2.447010712921750208e+00
2.456925811186668529e+00
2.440721614212556734e+00
2.458222262676129866e+00
2.467133178897138457e+00
2.461261251723816379e+00
2.468324711105817748e+00
2.458552172380959355e+00
2.468853140009895419e+00
2.472099836234423531e+00
2.463413949819874826e+00
2.469594489430280593e+00
2.450114133678555906e+00
2.465969533783987089e+00
2.456511422097527486e+00
2.475503384167691667e+00
2.456519345272268229e+00
2.465015701788548341e+00
2.458182864317557836e+00
2.473846769739876716e+00
2.465794284378627577e+00
2.457539640153914462e+00
2.468201187397578433e+00
2.464258258364998788e+00
2.461970653513381624e+00
2.463599748446060556e+00
2.469082561085941485e+00
2.461599551215931658e+00
2.464275552202980890e+00
2.466909473708194689e+00
2.458364766886436570e+00
2.455130791590002914e+00
2.464035111012956580e+00
2.461402928446183136e+00
2.473288655578141260e+00
2.452109177424399711e+00
2.443823510291416312e+00
2.460209795673193423e+00
2.471967434018101706e+00
2.462543646462567182e+00
2.461499096789669494e+00
2.471633416958129548e+00
2.462496922203939675e+00
2.467762990820883573e+00
2.471338624700418762e+00
2.468637730913826989e+00
2.455313840669220316e+00
2.461760275968212675e+00
2.466580444457947330e+00
2.461856654676236822e+00
2.462659967880241219e+00
2.470567815867759531e+00
2.454015637689787255e+00
2.461642774418342228e+00
2.450197022042388983e+00
2.454895433146571548e+00
2.468159485889692473e+00
2.477736588162273268e+00
2.473518101787144818e+00
2.456439655422720136e+00
2.460052981223764590e+00
2.465204752594341020e+00
2.463075655204452818e+00
2.455504166610543937e+00
2.458979579306354690e+00
2.452969070189896961e+00
2.472734680231976068e+00
2.468449847379662110e+00
2.456529090662332049e+00
2.469760713304284039e+00
2.464231793510129442e+00
2.469694734478235620e+00
2.466236175247841445e+00
2.467832019395168608e+00
2.466813482791845757e+00
2.463880298277592029e+00
2.460599990952236471e+00
2.464666458623926193e+00
2.466073496643872431e+00
2.475164979554679956e+00
2.469766481966345406e+00
2.461526322152046475e+00
2.464268629663861176e+00
2.470893326225216402e+00
2.472949430461180764e+00
2.468207297637610598e+00
2.469244068657453717e+00
2.466614485820945113e+00
2.464563342342669383e+00
2.472366336523104557e+00
2.466022201545316594e+00
2.461265726208921034e+00
2.458226904220096376e+00
2.468222407135961749e+00
2.465389900944841006e+00
2.466230496061814215e+00
2.473508906996374712e+00
2.471157857624078691e+00
2.469680624531125357e+00
2.467667344383273953e+00
2.469155860769747690e+00
2.468064162983398813e+00
2.460795080179146055e+00
2.459809973208112677e+00
2.467917412098574736e+00
2.466369304732715317e+00
2.463382298767665013e+00
2.469255811169203785e+00
2.457820185135072943e+00
2.469287034169964201e+00
2.458173692038031266e+00
2.467837434754831083e+00
2.450791076719091688e+00
2.458461846357759217e+00
2.472204273606116942e+00
2.460017072147919759e+00
2.475864164208443796e+00
2.471356009290735400e+00
2.465655644807296820e+00
2.466052580377048997e+00
2.464277274919736804e+00
2.450444964710074558e+00
2.464256017645538588e+00
2.468988788880174035e+00
2.448586087239963405e+00
2.466858581552323848e+00
2.454178183896446264e+00
2.464349864748477614e+00
2.451701660114608217e+00
2.470483190289491038e+00
2.463757618074875477e+00
2.467149664722196878e+00
2.462233473552919438e+00
2.449158180391457051e+00
2.458421912177549462e+00
2.468666446638244416e+00
2.466723330014632065e+00
2.459398525642761513e+00
2.467104989024378359e+00
2.457476551959409061e+00
2.469485885609832287e+00
2.453887991641101163e+00
2.467675845311307015e+00
2.463473427559856432e+00
2.461692963789319233e+00
2.454518246969258577e+00
2.461228799093916564e+00
2.468902259794222065e+00
2.464829226932546025e+00
2.463097280500656794e+00
2.460773239777013011e+00
2.470985521576144706e+00
2.452509826909751389e+00
2.467468065072158101e+00
2.456102839938599569e+00
2.464494910653874715e+00
2.473303597835418532e+00
2.469910091442165445e+00
2.463785838863071120e+00
2.467324498725601778e+00
2.468705215968449718e+00
2.463234296939116774e+00
2.466624093361232006e+00
2.477481919351946615e+00
2.460528012061788505e+00
2.470021805420307803e+00
2.461913890666095117e+00
2.471137164902504235e+00
2.467363982638874464e+00
2.457524346830509465e+00
2.467490530512737035e+00
2.474269138925569322e+00
2.465545474265017578e+00
2.466300355921549059e+00
2.460803859771585334e+00
2.467880460268109477e+00
2.467831443454945983e+00
2.468083674398843019e+00
2.474254205879208968e+00
2.451431681239634397e+00
2.460062637716193823e+00
2.434603038006759590e+00
2.467925125603799952e+00
2.456385459069954091e+00
2.475770305532466686e+00
2.455104182076919717e+00
2.467749955757650770e+00
2.469420574164905791e+00
2.459721443174262223e+00
2.433350374033407704e+00
2.468557878780822001e+00
2.466782809438869961e+00
2.471883096965400650e+00
2.462914481208270612e+00
2.455199154900039371e+00
2.470506158241707606e+00
2.456473107545272594e+00
2.453865907615937036e+00
2.458824941320351787e+00
2.465477251740534559e+00
2.460234814804503234e+00
2.459626924512031021e+00
2.475286682843431230e+00
2.466308898518157822e+00
2.455397160899762454e+00
2.463982024765186463e+00
2.477902773886774490e+00
2.465618618073019075e+00
2.467466946328902733e+00
2.465011279972774361e+00
2.468167276993971093e+00
2.480858541656362881e+00
2.476204958124563760e+00
2.463432282030855625e+00
2.468242025855927224e+00
2.466620570617087616e+00
2.470242336019640828e+00
2.448899023138507935e+00
2.469372496158248609e+00
2.470045490577062353e+00
2.466998598145703880e+00
2.466294323478043449e+00
2.463776283326461147e+00
2.467254975308024179e+00
2.461798810426807815e+00
2.470494293258397533e+00
2.465470929826610202e+00
2.456693915495286706e+00
2.462461678831362022e+00
2.456146976989991959e+00
2.457098953300012045e+00
2.459888763682056556e+00
2.464860173157171541e+00
2.473501252498976122e+00
2.463968525706545787e+00
2.465543814399161260e+00
2.472464716762876602e+00
2.447394635921529726e+00
2.459646305315734249e+00
2.454817010956732215e+00
2.459170317444927534e+00
2.465340068293621290e+00
2.463037499318684098e+00
2.470303715762486529e+00
2.469550793590344018e+00
2.471562588459452314e+00
2.466913305552500546e+00
2.463726802670698657e+00
2.461107631128914619e+00
2.455677318316821012e+00
2.465841257984302093e+00
2.469974375626386998e+00
2.447482822626128485e+00
2.457486883707538095e+00
2.454409049850234226e+00
2.449497101610166538e+00
2.458792268562102201e+00
2.472095348823103222e+00
2.469934008726847097e+00
2.431169048864611160e+00
2.467829038751227166e+00
2.454842213363957359e+00
2.469920816632456884e+00
2.452288790908700111e+00
2.474108162193084937e+00
2.468444447930687069e+00
2.456885627418881501e+00
2.464773534572517022e+00
2.449313706561182524e+00
2.468068044411614093e+00
2.477683710596427780e+00
2.461093528598674141e+00
2.470932834563062119e+00
2.463426137851457032e+00
2.457623530116773480e+00
2.469078997191577862e+00
2.460740270034907695e+00
2.469575791961502009e+00
2.466814699793455468e+00
2.467179812632807057e+00
2.461861426877520742e+00
2.447548821656468476e+00
2.453998984063794353e+00
2.468813001820359343e+00
2.472668668575600748e+00
2.455586413832969939e+00
2.464992900073776472e+00
2.457531350395512959e+00
2.462756708558536012e+00
2.469078167143090141e+00
2.475959168703588897e+00
2.467844717134426435e+00
2.469573380431696386e+00
2.474603531025716396e+00
2.455102221502344584e+00
2.460048009997108043e+00
2.448618495848287502e+00
2.465643347020003429e+00
2.443740938373164973e+00
2.474077108609569198e+00
2.468404986830324166e+00
2.461964307536455454e+00
2.468559976565898317e+00
2.458310809869367564e+00
2.461374331302947471e+00
2.457847391749102162e+00
2.468157282398935060e+00
2.465411928013715226e+00
2.473664001954397396e+00
2.455948872295656393e+00
2.463548563213965537e+00
2.461407102757311449e+00
2.462451855930451572e+00
2.464979850473873135e+00
2.451896888450610490e+00
2.470406385254107384e+00
2.464500816350117418e+00
2.471100718675235619e+00
2.460772816807567764e+00
2.460472844449681951e+00
2.462112080151785509e+00
2.467507103049351169e+00
2.472814045276411132e+00
2.459786164631696970e+00
2.462816481544227720e+00
2.470466952471325861e+00
2.467838877907147843e+00
2.457131512136584650e+00
2.442071631815196486e+00
2.464977904641466822e+00
2.454899897297025735e+00
2.460456860562728387e+00
2.447021580315759337e+00
2.461013595382656849e+00
2.456280836701195458e+00
2.449644419997344169e+00
2.458578141370589609e+00
2.470541477194325264e+00
2.458765346664161022e+00
2.464986851199885365e+00
2.472798216824509954e+00
2.463317636516194842e+00
2.464121218093362486e+00
2.451364563109829753e+00
2.462979036117813436e+00
2.462524212040577698e+00
2.450750410660424095e+00
2.460360802228565014e+00
2.469864273241315189e+00
2.458998441622440634e+00
2.458380516824015150e+00
2.452546299064086277e+00
2.474008555549116917e+00
2.473710094827319406e+00
2.467314767187701818e+00
2.468048397660930426e+00
2.454519902696425504e+00
2.460381460341260595e+00
2.464233081122789049e+00
2.471159536553693137e+00
2.461440004699503081e+00
2.450539856208568068e+00
2.471979102175807963e+00
2.468769943793879929e+00
2.471437028249174883e+00
2.463153960980762225e+00
2.465297432080581164e+00
2.457230960921935825e+00
2.465677986130978105e+00
2.455511052966978358e+00
2.461488177731074423e+00
2.421978138656188939e+00
2.448266738822306277e+00
2.459573961010466103e+00
2.474621988482649915e+00
2.449504158093586792e+00
2.464639490336388405e+00
2.475942827386492961e+00
2.474881751800898311e+00
2.460016869202047207e+00
2.454244878896752802e+00
2.463269444532962371e+00
2.467934268998044356e+00
2.454812713186303341e+00
2.457899961021530189e+00
2.458721611631818238e+00
2.450628135208996028e+00
2.454659357010094300e+00
2.466790507847973046e+00
2.459788096762669518e+00
2.466716881852756060e+00
2.464394564174674063e+00
2.468899895004846634e+00
2.466404090801750382e+00
2.462566561024872147e+00
2.451968118491958393e+00
2.464716270194481140e+00
2.452885108174431839e+00
2.455315545598635740e+00
2.476721516888369834e+00
2.456736297597251539e+00
2.461144973759775034e+00
2.460906064547319527e+00
2.468083126482597311e+00
2.464141195457269617e+00
2.458678855465992186e+00
2.474387447304676968e+00
2.462172743599062574e+00
2.463028519516097692e+00
2.465571859854571279e+00
2.463590053398882596e+00
2.459017490241499626e+00
2.460118870311291062e+00
2.467363580123599576e+00
2.461499381280474630e+00
2.461469468597718979e+00
2.462857490676610528e+00
2.454784373168076517e+00
2.472533308194731383e+00
2.462504847705575539e+00
2.460596175901846649e+00
2.445903935604619495e+00
2.449104649046428328e+00
2.459728293053110804e+00
2.460700889034426186e+00
2.453346825763525363e+00
2.469631342355903314e+00
2.452112130622145170e+00
2.468700928020914453e+00
2.466558391053587318e+00
2.472796916786882626e+00
2.457378657373890718e+00
2.461517218875380220e+00
2.474643457491550347e+00
2.456825082125792648e+00
2.460373281926468980e+00
2.463299462276500318e+00
2.454589847189473595e+00
2.472798740708305854e+00
2.464496728218047661e+00
2.462624594268812306e+00
2.455494905606534495e+00
2.468399229579203435e+00
2.469056862879668302e+00
2.464027279173012897e+00
2.453311394888999075e+00
2.443627250240992588e+00
2.457437270718107136e+00
2.463355872288317983e+00
2.468259974842708093e+00
2.464933107190750317e+00
2.463852181949603093e+00
2.456029760991571997e+00
2.460249054139842073e+00
2.461469194248588899e+00
2.466807029797340789e+00
2.460057502501802329e+00
2.452846412249027441e+00
2.462708982343492892e+00
2.462251252584949590e+00
2.460873919203015792e+00
2.458619275917619973e+00
2.466473306072441751e+00
2.458458706439932140e+00
2.460258317452351129e+00
2.474306389535479322e+00
2.456053459844240283e+00
2.462773899796995902e+00
2.461887468824168312e+00
2.472833956165573888e+00
2.458273642531293657e+00
2.469101135833380312e+00
2.450810786483551329e+00
2.437463116276940234e+00
2.469095860700749157e+00
2.473532970686933119e+00
2.451932460851604212e+00
2.452904306410453206e+00
2.471139600682319415e+00
2.467927915629626767e+00
2.469334454433619097e+00
2.466336697052003757e+00
2.458393113006144048e+00
2.461220547571181250e+00
2.465497249263356228e+00
2.458396586599202571e+00
2.455746984986260095e+00
2.454752757307396838e+00
2.449176308512908573e+00
2.461888179818209288e+00
2.470008178062921278e+00
2.459547444724346832e+00
2.461886410885199883e+00
2.459914929218694368e+00
2.460998466678542052e+00
2.454985959804180329e+00
2.460015918954175262e+00
2.472018252115335102e+00
2.456477191749546041e+00
2.470059777586608885e+00
2.469219010316532792e+00
2.464339408346135407e+00
2.466750372607734665e+00
2.456912417063155996e+00
2.465181176187254852e+00
2.460491843405024248e+00
2.457793178038076398e+00
2.465566435501400644e+00
2.461924597266412551e+00
2.450281544092800079e+00
2.456700203391664505e+00
2.464332450276196518e+00
2.449931739412901432e+00
2.455736003321207228e+00
2.466657326720939736e+00
2.468908866645566302e+00
2.474050551961661348e+00
2.461041699312580100e+00
2.465243194216943490e+00
2.472065285452178962e+00
2.474945660701850070e+00
2.456073747882994152e+00
2.468547875517838719e+00
2.465986321180178908e+00
2.459436119440232993e+00
2.470385045707963467e+00
2.470217027980604385e+00
2.471087719255131265e+00
2.405874738915772859e+00
2.470832517386775784e+00
2.456897219827199663e+00
2.461656407194263263e+00
2.469114513798131405e+00
2.463932395419597299e+00
2.458465986994935459e+00
2.461927573548893022e+00
2.468057408264222374e+00
2.457265012771904455e+00
2.465537385087037681e+00
2.461885060408002701e+00
2.467374021837902109e+00
2.460700997200410800e+00
2.460308571387205934e+00
2.464501665441135803e+00
2.460843152006602086e+00
2.455977580618811107e+00
2.458850900836293984e+00
2.471889274821269300e+00
2.456476291081932661e+00
2.460693108582938660e+00
2.463954778870130369e+00
2.467313970671611401e+00
2.463840094870688002e+00
2.458538552382679931e+00
2.477450904236250917e+00
2.455428861465367429e+00
2.466523872330405265e+00
2.463677910315769104e+00
2.474605959419495793e+00
2.473824491444577056e+00
2.448495587439385002e+00
2.458390905591448128e+00
2.460536543074784532e+00
2.461061801820829231e+00
2.466997718717464760e+00
2.465130160708425056e+00
2.449198659699185043e+00
2.468335682452105218e+00
2.461710360992997781e+00
2.462150485184476878e+00
2.469366878866772197e+00
2.465466407994436171e+00
2.465542211380489679e+00
2.465877750869501561e+00
2.465257327989136105e+00
2.462441854296939514e+00
2.455611695242474468e+00
2.464603006418094822e+00
2.465527037778832309e+00
2.467168660539874825e+00
2.458631783339518595e+00
2.460066758456493030e+00
2.461946156459743573e+00
2.469956113650148222e+00
2.453396854207630540e+00
2.465289672612233307e+00
2.446771683702027023e+00
2.453433805975776760e+00
2.464434924073422017e+00
2.467230345495684762e+00
2.464128695850659856e+00
2.468874012288709174e+00
2.468107111704418877e+00
2.449761054202726385e+00
2.463232115014594381e+00
2.454435543145915055e+00
2.463366684861605815e+00
2.466979028071053737e+00
2.464478756351224042e+00
2.478616907535167613e+00
2.448615095972039413e+00
2.462562021441454085e+00
2.465777075873484492e+00
2.472094155211105981e+00
2.461158765118260483e+00
2.464199340408490979e+00
2.466215310689370721e+00
2.463377819481999520e+00
2.450096341856519366e+00
2.451182341748282756e+00
2.468153326516581814e+00
2.470188078022018452e+00
2.458927985503872815e+00
2.471476948090820080e+00
2.454499392223020493e+00
2.451728892927104830e+00
2.462231884585504016e+00
2.465705511117623594e+00
2.471322255683866764e+00
2.467999800697655566e+00
2.453382952018339669e+00
2.457173711174039266e+00
2.468038987659323613e+00
2.461684406985618967e+00
2.463780614157334625e+00
2.459934191833780037e+00
2.463344089468088249e+00
2.452594819621482181e+00
2.472437118476000339e+00
2.456594138548353179e+00
2.469892677930693115e+00
2.472530343336801995e+00
2.471299422427024606e+00
2.459125560554617174e+00
2.472158904074800656e+00
2.455847744449340730e+00
2.451150998121726765e+00
2.464353944877656577e+00
2.461944547607936240e+00
2.451598962382350866e+00
2.457310356446920085e+00
2.469263515517947649e+00
2.458033597815625804e+00
2.464121372836409307e+00
2.472793153642163233e+00
2.473941789954121173e+00
2.459372583939736678e+00
2.467204295761196597e+00
2.464150959329094892e+00
2.471638827944048877e+00
2.459054251423086424e+00
2.470915916304596838e+00
2.464010948502505016e+00
2.471736465922729220e+00
2.461692047710235975e+00
2.461622109665999591e+00
2.466627440022257645e+00
2.452951088678450020e+00
2.460379026908814826e+00
2.468081106658701618e+00
2.461613848111954717e+00
2.464359299629365285e+00
2.456986260360979113e+00
2.457450019940752295e+00
2.468849284198321392e+00
2.467393981537956194e+00
2.469299511335413921e+00
2.465295430194443860e+00
2.468619946506465102e+00
2.463261169758753422e+00
2.473268079551483201e+00
2.470384265900464449e+00
2.472747494879466323e+00
2.466777735710140806e+00
2.462284096825764212e+00
2.465327803065481049e+00
2.466979582472256460e+00
2.469698445060769743e+00
2.468512101715333973e+00
2.470067759560783394e+00
2.456785727774733363e+00
2.461779652690596176e+00
2.447389427197150358e+00
2.463166190888749885e+00
2.460393985465538336e+00
2.462329224491047519e+00
2.462039022683551792e+00
2.456162886183940408e+00
2.471337351300138430e+00
2.464546199605926802e+00
2.465726612824995723e+00
2.458157386332743943e+00
2.470082996517986018e+00
2.471066998909549728e+00
2.469081731578078198e+00
2.467132578681207722e+00
2.458898660113363555e+00
2.458010054287970370e+00
2.466087569429669557e+00
2.470494007148849480e+00
2.457169314667458693e+00
2.454989218459142197e+00
2.469066401252449250e+00
2.468579466644445386e+00
2.463916679493400874e+00
2.456904837116693940e+00
2.468713018871868226e+00
2.467317193413837373e+00
2.463210158686310436e+00
2.461768670828519578e+00
2.470567246239869341e+00
2.457120024683328019e+00
2.461547273053465990e+00
2.463198590003133237e+00
2.459538817651849563e+00
2.451951519109670574e+00
2.476701347543507126e+00
2.464048815033911488e+00
2.472466696019766541e+00
2.461035586391396190e+00
2.468207309737898036e+00
2.477476907952546270e+00
2.470786203176992046e+00
2.472098391039121434e+00
2.467060404755918590e+00
2.465607298748750953e+00
2.464572464588199008e+00
2.457681017518851263e+00
2.462147723815701017e+00
2.463815400347558526e+00
2.475014476293177612e+00
2.463759187705859333e+00
2.464514217542143282e+00
2.465667235565836002e+00
2.467540010597393696e+00
2.461828718069078992e+00
2.456689819743833603e+00
2.468477901983315626e+00
2.464695568785777890e+00
2.465946050974265003e+00
2.460107730084998501e+00
2.467728563973787370e+00
2.460726291333672044e+00
2.464199274495978642e+00
2.461984316133648765e+00
2.467282497211721104e+00
2.464191497087557803e+00
2.462220202512213074e+00
2.459258409638667597e+00
2.476408114723776865e+00
2.473427174590648203e+00
2.463504720928965774e+00
2.456633014715634555e+00
2.476411143837337736e+00
2.464818898428780436e+00
2.475111013008713723e+00
2.457699628929411961e+00
2.450076010478073218e+00
2.462634468285392675e+00
2.475766795891191752e+00
2.474351667320042303e+00
2.461304080316667697e+00
2.460721908785170164e+00
2.466662591349124689e+00
2.465290438609410995e+00
2.462351145381464601e+00
2.464886585187559653e+00
2.465405652235612699e+00
2.462388773102614614e+00
2.450883941965507962e+00
2.469676952061520936e+00
2.459575736883926389e+00
2.473634058570223004e+00
2.465704626538141042e+00
2.468615793634560074e+00
2.455558414088724994e+00
2.465165033233470027e+00
2.461152661077311787e+00
2.465159361584298825e+00
2.469640873623759614e+00
2.459457226396539298e+00
2.470839801721220752e+00
2.454721879948276175e+00
2.464026295310385084e+00
2.472522451554794110e+00
2.463868715500658890e+00
2.449902117297172666e+00
2.463490958875869996e+00
2.469800759891801700e+00
2.465398772878228062e+00
2.459491290924559870e+00
2.464296107628028754e+00
2.454191715266861529e+00
2.467701234067265936e+00
2.473990541063165516e+00
2.461711216482791453e+00
2.444225677897270632e+00
2.468545735524851903e+00
2.467092753288933071e+00
2.462513640846044183e+00
2.461669478555618795e+00
2.457862745668976334e+00
2.467872905268273520e+00
2.460284672100873760e+00
2.451951166698112416e+00
2.462319098483729096e+00
2.471595216153367414e+00
2.459543603570368830e+00
2.462618463617617159e+00
2.462455856314460956e+00
2.464266608478574483e+00
2.470720933327148927e+00
2.456118186284517169e+00
2.470882701716483609e+00
2.462127201855020431e+00
2.464134662348465898e+00
2.470842320046624963e+00
2.447998275612986330e+00
2.464065865633843444e+00
2.455618959226559816e+00
2.466982569305128603e+00
2.472826725474170040e+00
2.467713873990219131e+00
2.463672145680135817e+00
2.470431630087266850e+00
2.451290978294978995e+00
2.465535288308400297e+00
2.460678280512326843e+00
2.459719217362959398e+00
2.478546584268147779e+00
2.463072946197319091e+00
2.464582511272855658e+00
2.460416119336138685e+00
2.460326612124738244e+00
2.467568226187484282e+00
2.459426542583155850e+00
2.477896983740210501e+00
