2.466263964140105625e+00
2.499217753803459008e+00
2.455935599574577743e+00
2.487894899688865458e+00
2.454207946023319042e+00
2.449840384510532765e+00
2.460140133990589728e+00
2.463335651773117974e+00
2.472978626405663682e+00
2.455082867351689568e+00
2.463004631566251490e+00
2.468057595180707775e+00
2.458665840802512381e+00
2.443232989287970724e+00
2.469584047975497576e+00
2.469963511885369556e+00
2.447968455561670087e+00
2.461391548537191110e+00
2.457829451653924746e+00
2.467703252300629035e+00
2.483844969846834783e+00
2.477174326618253986e+00
2.473548391141362934e+00
2.464028883137808990e+00
2.462415410385431880e+00
2.475070139045815854e+00
2.461769746222846944e+00
2.477569543552593956e+00
2.449865361452976842e+00
2.445981172931122938e+00
2.467900846450445496e+00
2.466371916357093852e+00
2.456237844985856622e+00
2.465956527607767512e+00
2.471680686459115872e+00
2.460935374835199863e+00
2.455196284353188929e+00
2.454979863243852201e+00
2.463459689013047793e+00
2.482492759853409225e+00
2.441863189017937419e+00
2.473274883751664710e+00
2.492755466009846543e+00
2.492426026078601531e+00
2.451004533041943656e+00
2.477069703467912998e+00
2.470961785195199933e+00
2.449271133331710981e+00
2.485030634745576616e+00
2.489898162823211081e+00
2.458895126308823009e+00
2.498537364624936252e+00
2.477181504735478157e+00
2.450833650657666229e+00
2.484028868995329375e+00
2.477572499576856657e+00
2.466509721019936041e+00
2.458838547132651264e+00
2.464104315452802840e+00
2.473206926474148304e+00
2.456872947210923641e+00
2.472186038920895612e+00
2.469094096020162166e+00
2.448555347895253309e+00
2.444525928750316712e+00
2.458384229658785003e+00
2.462919441635122109e+00
2.479070534619737920e+00
2.464475828896671050e+00
2.446173768382350122e+00
2.468600329584974329e+00
2.464691482821089075e+00
2.479334354811083330e+00
2.488340842035345890e+00
2.455057768799765228e+00
2.484589305177589580e+00
2.441161680669345913e+00
2.482335504277771054e+00
2.465457401774078683e+00
2.480940202214286128e+00
2.444868027592551840e+00
2.484296984775729911e+00
2.479797093043765166e+00
2.461994031790292858e+00
2.478732634477293306e+00
2.450885050534248766e+00
2.451892492083194153e+00
2.458950050485277927e+00
2.428151418808865536e+00
2.458764982434421320e+00
2.452733268281145129e+00
2.472586146075358648e+00
2.427783895897977384e+00
2.472279352534987318e+00
2.431568524437045742e+00
2.471139638883904421e+00
2.434315720969800534e+00
2.488242886484500538e+00
2.462702573040975729e+00
2.455618423866437805e+00
2.464577888631115155e+00
2.466361215805707552e+00
2.468853299920301225e+00
2.449704407370703052e+00
2.469936217515008803e+00
2.451199443847427162e+00
2.503646266963000411e+00
2.491491163918102991e+00
2.473644827355080178e+00
2.463878381695877806e+00
2.468780452847324280e+00
2.474455012349189520e+00
2.472621829460992959e+00
2.473853818687271833e+00
2.457875975540832592e+00
2.468467122625428445e+00
2.442447651552296151e+00
2.503974212452570569e+00
2.456058938564304572e+00
2.473885425413858474e+00
2.481191637448567189e+00
2.469074511487109991e+00
2.453396159515016439e+00
2.473413217639315764e+00
2.460955996391551714e+00
2.467668995242625396e+00
2.449574498305014725e+00
2.476185750169550115e+00
2.446630728216799611e+00
2.455173275485056372e+00
2.487903052523021241e+00
2.467714308178990290e+00
2.466072396596913574e+00
2.451530422121976915e+00
2.419737079056882401e+00
2.437267023583270298e+00
2.463578934153416000e+00
2.460633023347617687e+00
2.484694908636361887e+00
2.438649248729582109e+00
2.481622162167299805e+00
2.475599115573997366e+00
2.446532561171902209e+00
2.477390609189436432e+00
2.486769090495314583e+00
2.482181458458683210e+00
2.460462266967700096e+00
2.483217744470493926e+00
2.478331920802052224e+00
2.457073412030303494e+00
2.466334612717543173e+00
2.454364662597048330e+00
2.470039232319134470e+00
2.444081545988073145e+00
2.452435041877942812e+00
2.470797935742200746e+00
2.454065170035486965e+00
2.444836116177027119e+00
2.442543821348425848e+00
2.466971967183114955e+00
2.459820447705251212e+00
2.463953260303276327e+00
2.480027876604341319e+00
2.470603104038953113e+00
2.460685877461642246e+00
2.462597575342085232e+00
2.450267613886016882e+00
2.451141604098132643e+00
2.448624935878429554e+00
2.480502248293245948e+00
2.437331217790277282e+00
2.453743654095120075e+00
2.425419267834781678e+00
2.467767548209263140e+00
2.450097718755793519e+00
2.478252723967114157e+00
2.468293209494939688e+00
2.463264656729187152e+00
2.468640391428406744e+00
2.471231457567659273e+00
2.457585615730354167e+00
2.456881120361749105e+00
2.475187643236697710e+00
2.449278743411656745e+00
2.448636392956947461e+00
2.463444812351199609e+00
2.440182726003499170e+00
2.453740579837675018e+00
2.449564629132609195e+00
2.469986156460632909e+00
2.488508629331962485e+00
2.453538535168983348e+00
2.472695827361335308e+00
2.496918672929278049e+00
2.461185511152264915e+00
2.453295232370743761e+00
2.488387289488430909e+00
2.460837723827461687e+00
2.463435095404550079e+00
2.464317607987210668e+00
2.471407806863597845e+00
2.476765119941227500e+00
2.454797508032794617e+00
2.471714551717747010e+00
2.472254246727365157e+00
2.431859566011323359e+00
2.440261862815395588e+00
2.498161171051784812e+00
2.458589357110936735e+00
2.464259043395795157e+00
2.435981714995402392e+00
2.475047044651787154e+00
2.459404981706942550e+00
2.479689622594347664e+00
2.436155207333226880e+00
2.465698673669514562e+00
2.445461425897143215e+00
2.496092579532187994e+00
2.475307936452280977e+00
2.487255033334449195e+00
2.469583969438533533e+00
2.467016290635362985e+00
2.449061639773040255e+00
2.491509849948762678e+00
2.456240215772195423e+00
2.443519230658710129e+00
2.451236028449323534e+00
2.410855292141449446e+00
2.432502583887330427e+00
2.479037697202060020e+00
2.474202797596361858e+00
2.490847983350164885e+00
2.471067157779128109e+00
2.474671902528800871e+00
2.461110877132228758e+00
2.449202653679680708e+00
2.432119438561428204e+00
2.423091984177721425e+00
2.449560471801203398e+00
2.471965434433903486e+00
2.445577533507372614e+00
2.505520164047331022e+00
2.454141754046524238e+00
2.465817265367882261e+00
2.458998728184337068e+00
2.484760727861293095e+00
2.438209096220512961e+00
2.446234599457315362e+00
2.490487737726098327e+00
2.494661603346757683e+00
2.438968748353398386e+00
2.462707218477638627e+00
2.454242375032891665e+00
2.490904413351850977e+00
2.470825300342545994e+00
2.478447933705812289e+00
2.472903088201384492e+00
2.495992072020342789e+00
2.444088108139869320e+00
2.471520186490303583e+00
2.455498950683510095e+00
2.452569023108390311e+00
2.459401417355590258e+00
2.471263879565641641e+00
2.454955530824509680e+00
2.466050263306991397e+00
2.480074143226135952e+00
2.443306029400211798e+00
2.461467144134219520e+00
2.493992563521242989e+00
2.500473811842558902e+00
2.453826568997228730e+00
2.495371425173217972e+00
2.483308726233768304e+00
2.463681524017359958e+00
2.422121392751715341e+00
2.500420129864261209e+00
2.457667095408914371e+00
2.472838849724255272e+00
2.448917365662238499e+00
2.474374076598855332e+00
2.445451132044234477e+00
2.465175747594032796e+00
2.493521523897567427e+00
2.448525083121140700e+00
2.461322510324185142e+00
2.472565547090078919e+00
2.452632261081694409e+00
2.449969778597574699e+00
2.474215701873896389e+00
2.472956579750566153e+00
2.479493001138754593e+00
2.447991565983543172e+00
2.493394875581772308e+00
2.453326187354611942e+00
2.464740614790714268e+00
2.460815114044137442e+00
2.456567431138827917e+00
2.436124332920899693e+00
2.475322314648883637e+00
2.418430457041023107e+00
2.436647204960845414e+00
2.441887821117916690e+00
2.496275565275313912e+00
2.447277960755861681e+00
2.439068593412388797e+00
2.477206987125622817e+00
2.470840667941175184e+00
2.461876419426363594e+00
2.460230871960639831e+00
2.438272907927703681e+00
2.466919814081196538e+00
2.416064192175145120e+00
2.482586304630575391e+00
2.480400956595301576e+00
2.452019328356963346e+00
2.453003241568343373e+00
2.454482032475330922e+00
2.486905165712827159e+00
2.468304263192561354e+00
2.455897629977616958e+00
2.468763228969739654e+00
2.480547786406207322e+00
2.469025356927054826e+00
2.473290544803915747e+00
2.450489425472851757e+00
2.477718957730411731e+00
2.465516140632021624e+00
2.482408160137965947e+00
2.485189771772255973e+00
2.457658790081278077e+00
2.455810039268153222e+00
2.464799223109868098e+00
2.480447762371544407e+00
2.475424142314229581e+00
2.441828164869268125e+00
2.459725949334034656e+00
2.441343811323538393e+00
2.472534307290248368e+00
2.486427053361397910e+00
2.440386486848855174e+00
2.449334928647926013e+00
2.471293927367566923e+00
2.421069352037652944e+00
2.456970878925695434e+00
2.456311972369452423e+00
2.447511023374719485e+00
2.478281753076472693e+00
2.468004029005745448e+00
2.460387694707073969e+00
2.462984837134472471e+00
2.478323580446041063e+00
2.445546248565643843e+00
2.459271974693013618e+00
2.441676629038730617e+00
2.468545874615184488e+00
2.489921637865521564e+00
2.443397266761018649e+00
2.464298330484286037e+00
2.468668273023143733e+00
2.469409593221532528e+00
2.456090930612675916e+00
2.458936528381893805e+00
2.456601883902861161e+00
2.451216126662741246e+00
2.429638678502745730e+00
2.466003788045851852e+00
2.474399431387299231e+00
2.462261905716578436e+00
2.464960248411278254e+00
2.448730045289033264e+00
2.460333530962548476e+00
2.446101622338697545e+00
2.463877708185891358e+00
2.482001178213212533e+00
2.484440622725328840e+00
2.482359970011084993e+00
2.457347506955241734e+00
2.465813158975741270e+00
2.468550536463891998e+00
2.495010823705500425e+00
2.452336974609532483e+00
2.444674195730774713e+00
2.452653121622788035e+00
2.470539846328509981e+00
2.452780547678516943e+00
2.445918728540683595e+00
2.473591002534987648e+00
2.455053119755943314e+00
2.470767595108046777e+00
2.476433898033278513e+00
2.459883425071947460e+00
2.478545097603568337e+00
2.466213699637100909e+00
2.454130622794548522e+00
2.448697230338998665e+00
2.474257318695338270e+00
2.451203999956117041e+00
2.444874036702834985e+00
2.479250605385968864e+00
2.475138722718371653e+00
2.478356266244034600e+00
2.469463789221699734e+00
2.456125672127339232e+00
2.456023114270959429e+00
2.462652234162756137e+00
2.443070864879091086e+00
2.465000300598327865e+00
2.480320088643746423e+00
2.441124699783951524e+00
2.475247234268739494e+00
2.448306535637209347e+00
2.489566114557980825e+00
2.460624669668807218e+00
2.476552547665641590e+00
2.484411039196581239e+00
2.466580486996914345e+00
2.453608777929999096e+00
2.452829979722217502e+00
2.470369555849474708e+00
2.478546227414104131e+00
2.471838706418369114e+00
2.470624885771975698e+00
2.479976461736953297e+00
2.465522768382522489e+00
2.487314898591977741e+00
2.469773286021652137e+00
2.454749795525533518e+00
2.487475950259678825e+00
2.432126545555872710e+00
2.472851295768358604e+00
2.480748118813205227e+00
2.471592385432010541e+00
2.483007701437395909e+00
2.462964162754505359e+00
2.462030943449793341e+00
2.452542418732246876e+00
2.469778626493062568e+00
2.450244801924170268e+00
2.443796451619553611e+00
2.442612276721358722e+00
2.444909305993363091e+00
2.452316675181402506e+00
2.486911195152806453e+00
2.453920460582005969e+00
2.462063953001957906e+00
2.438632845478954536e+00
2.488158191142777032e+00
2.468749078823809562e+00
2.467114809625932992e+00
2.450044996145182896e+00
2.459674043670174726e+00
2.482802381976999762e+00
2.450912578754930848e+00
2.507697065140821913e+00
2.471767960666430231e+00
2.471384757139216681e+00
2.486124279071508347e+00
2.464905901740519489e+00
2.471205166716257118e+00
2.446366214483815860e+00
2.461510183725220013e+00
2.455529256316367981e+00
2.462360907791081299e+00
2.480652670417791139e+00
2.465551859240457055e+00
2.443253244557653137e+00
2.476768197464903398e+00
2.450391378094986639e+00
2.459318744911652477e+00
2.472866358742447090e+00
2.460368977728155659e+00
2.475310515300967129e+00
2.439013611968784634e+00
2.477160350253181598e+00
2.452018777692781981e+00
2.455367317506384151e+00
2.447894040320407250e+00
2.442272378870476324e+00
2.477965349172451592e+00
2.466288489187661970e+00
2.471074199762902435e+00
2.481928263256444556e+00
2.491679578881734081e+00
2.457828860728915821e+00
2.450681091590180216e+00
2.446546191142738635e+00
2.485769831863749779e+00
2.440953045954298073e+00
2.439281600334797240e+00
2.457137012924846875e+00
2.463737464261273491e+00
2.480743796673726020e+00
2.449089410254074561e+00
2.450715176880387869e+00
2.430924067992370929e+00
2.450638604429837830e+00
2.469604759327415522e+00
2.471583366057366504e+00
2.458097887938963666e+00
2.440324453483838862e+00
2.466574162960521122e+00
2.480478755846260874e+00
2.478624571073055893e+00
2.431566731915694390e+00
2.434188639134168053e+00
2.457864685625438472e+00
2.465512984222053561e+00
2.453619259387162188e+00
2.457774244770789984e+00
2.448224556942207641e+00
2.467581796284538331e+00
2.462397725734591702e+00
2.457418670520387316e+00
2.453551348610564897e+00
2.459064870269997094e+00
2.472270653107627503e+00
2.450025792725901042e+00
2.474363175664437531e+00
2.463940218720190867e+00
2.460787652493568345e+00
2.432855103475883851e+00
2.471111256964618086e+00
2.448273133741872609e+00
2.469878950359774006e+00
2.477420497289592571e+00
2.466483069900233804e+00
2.462937253212091449e+00
2.448525128752536251e+00
2.468183405165575106e+00
2.479187560650981670e+00
2.437669289918504401e+00
2.464471644887734847e+00
2.475431849364019499e+00
2.463411856171991321e+00
2.467719593098742781e+00
2.448644779295948037e+00
2.441446039689056047e+00
2.485487639387187198e+00
2.469981834930289111e+00
2.461820275611623199e+00
2.431322782850954045e+00
2.450203338892853466e+00
2.476225145211786494e+00
2.486910018247123322e+00
2.477403674575939352e+00
2.463751635265576834e+00
2.460835451735157609e+00
2.454973806628473199e+00
2.437097666609271407e+00
2.422824110292180144e+00
2.474714266925734041e+00
2.453111800547540078e+00
2.485971889499391185e+00
2.461395545832434362e+00
2.458388215255576270e+00
2.434120396814989817e+00
2.463155208458721823e+00
2.467395257424610300e+00
2.429285228518116568e+00
2.445887469737839659e+00
2.466909231059588592e+00
2.474801075818334972e+00
2.464312907990109824e+00
2.472355843344846704e+00
2.487822875778965326e+00
2.454547953392614446e+00
2.464388687486236851e+00
2.474305763908291489e+00
2.472505832256701286e+00
2.447026504686867998e+00
2.451366054039031184e+00
2.463376932490520144e+00
2.454175721701805202e+00
2.473183706686828742e+00
2.476320627719637013e+00
2.464890029523385095e+00
2.418925740169048488e+00
2.486319011044639371e+00
2.466611143161572706e+00
2.468932889330357483e+00
2.485990081353667946e+00
2.478706510383445583e+00
2.417021400281406773e+00
2.486939571912004876e+00
2.456079808934441555e+00
2.438995690130474792e+00
2.485421474822265608e+00
2.451297262220241358e+00
2.472882306599716529e+00
2.455259083658613228e+00
2.469309684940428795e+00
2.474778379845570697e+00
2.434938382900050602e+00
2.474883934303805155e+00
2.444391811698087835e+00
2.467284173271720338e+00
2.443910053151634454e+00
2.455503508803352997e+00
2.485062223504796552e+00
2.446824288033027983e+00
2.467740585303517253e+00
2.429564172962501267e+00
2.463926539026592977e+00
2.460870697367116833e+00
2.479048684751869125e+00
2.468513677291766850e+00
2.469797798720866577e+00
2.454587152503429959e+00
2.451114241175734065e+00
2.474144121423404563e+00
2.474438313937435741e+00
2.423304446646887378e+00
2.449065291886491025e+00
2.475850867999229710e+00
2.489513867031177163e+00
2.489969327753194683e+00
2.462028450016563230e+00
2.491897864419646336e+00
2.464042887485758726e+00
2.456497646050750383e+00
2.452746051766274693e+00
2.453854285419756920e+00
2.485676906452897406e+00
2.486805955199286711e+00
2.480812650831141664e+00
2.450396183060437494e+00
2.467922733351233688e+00
2.471864915011225072e+00
2.472062923082155805e+00
2.495883704335613906e+00
2.464369590689803768e+00
2.467816186246156729e+00
2.462724448916503661e+00
2.465028509552555924e+00
2.445245301430536866e+00
2.464280258211617891e+00
2.473633340046728080e+00
2.463469587926254700e+00
2.439653593137915077e+00
2.458071294932759443e+00
2.487698657063217134e+00
2.426253081127167199e+00
2.422192458182834240e+00
2.488307976634062779e+00
2.442831267327402411e+00
2.450376022753724570e+00
2.463644439153235055e+00
2.475494833668461681e+00
2.458165485774285841e+00
2.474039400549278067e+00
2.466721856694782389e+00
2.454699088896450387e+00
2.481417805724516867e+00
2.484207274292443923e+00
2.453891734267565905e+00
2.458341372149590587e+00
2.443156462538193630e+00
2.486436488143932699e+00
2.460782942675293850e+00
2.475946816309503085e+00
2.459813761946015198e+00
2.473706048346044906e+00
2.447762860264336204e+00
2.477213265316434487e+00
2.480434472203605800e+00
2.467341044850507537e+00
2.481217172376955826e+00
2.462434027187814234e+00
2.483557522683331964e+00
2.469523625922612542e+00
2.458675869732316333e+00
2.462695978306980393e+00
2.454656289595639862e+00
2.473942104069055237e+00
2.452422804752774965e+00
2.466953777146756899e+00
2.459263984590477126e+00
2.454914036820349033e+00
2.476972171667440215e+00
2.473237552930171113e+00
2.464400679336881339e+00
2.474606041087877184e+00
2.464058862317080045e+00
2.451749474336226253e+00
2.464456756746064237e+00
2.440814638998176189e+00
2.441182339581194682e+00
2.445174936443132552e+00
2.453182743760963014e+00
2.455239810026327074e+00
2.459747341793116604e+00
2.469737132977287697e+00
2.449706122481525306e+00
2.461657541207213917e+00
2.457772147987373312e+00
2.409672115621619870e+00
2.491588562009598995e+00
2.469263467501305431e+00
2.451127972835762669e+00
2.466533384317303845e+00
2.462219117371418076e+00
2.439790375095499453e+00
2.462647802744821757e+00
2.484730973454794878e+00
2.413090108781947407e+00
2.471205805446076820e+00
2.469381090039241222e+00
2.473243431013124827e+00
2.455836303380680263e+00
2.486536429518549696e+00
2.462681491946244083e+00
2.429926846374389271e+00
2.458480894242208947e+00
2.439137874256748439e+00
2.467552735681329157e+00
2.443106528479241923e+00
2.446246006577999843e+00
2.425537631477957756e+00
2.469503184814946017e+00
2.472776797727853637e+00
2.487119720233268882e+00
2.437135117647841742e+00
2.466725749980206661e+00
2.445793555801506258e+00
2.438739226939970806e+00
2.440857850448308497e+00
2.467131939042965794e+00
2.441674465319529475e+00
2.440965149123321964e+00
2.452705716266629477e+00
2.465234612734087172e+00
2.478104350945707246e+00
2.463480850445460391e+00
2.437678075423261870e+00
2.471609839170819445e+00
2.477709695354568087e+00
2.465090868555665615e+00
2.453289800824627331e+00
2.453523390771391366e+00
2.447527318753220271e+00
2.458545862184923880e+00
2.463999071912235106e+00
2.484493193802853384e+00
2.461563491403435222e+00
2.455010627012772062e+00
2.459412973580725303e+00
2.476988984506760971e+00
2.473869124529668007e+00
2.458809549103163405e+00
2.462196366881803211e+00
2.471635170917422020e+00
2.444637446947564907e+00
2.437372524721573175e+00
2.465437912666247566e+00
2.461895616515767937e+00
2.451644602652654381e+00
2.461921746508071163e+00
2.464720521900111372e+00
2.449365784076043440e+00
2.474958111860931176e+00
2.459750074031416212e+00
2.476229032083889336e+00
2.461732965930584882e+00
2.494211719144100670e+00
2.449840000340079094e+00
2.466498682109820706e+00
2.465781966504441147e+00
2.440745180300041284e+00
2.477617132950507450e+00
2.472304047097502178e+00
2.462868922815265371e+00
2.480478395310118600e+00
2.431916181738059901e+00
2.437484548068503010e+00
2.499056486169309199e+00
2.495758401178194585e+00
2.484621155387149116e+00
2.451520229496772174e+00
2.462962174316606578e+00
2.451313286800169688e+00
2.475103420809127375e+00
2.476452822491582939e+00
2.472696303586014555e+00
2.479591749565582148e+00
2.462428257098737472e+00
2.461032089653639066e+00
2.481067064105820119e+00
2.460014607812855747e+00
2.447373601776767327e+00
2.480023639481661935e+00
2.455931039944629468e+00
2.475503300127204653e+00
2.453267318932830232e+00
2.471506622837122968e+00
2.475511158293838054e+00
2.469460376253034273e+00
2.463117949404774354e+00
2.474074624301737746e+00
2.482973512312751208e+00
2.454137392324792000e+00
2.444278879940445570e+00
2.448037209326784147e+00
2.457046696263343488e+00
2.434265576297196088e+00
2.460295632140778288e+00
2.442969877340050111e+00
2.465321195351597439e+00
2.428369384881882809e+00
2.483887781602315492e+00
2.466354589142270015e+00
2.451618991557383165e+00
2.451280663001809135e+00
2.460384801664249110e+00
2.471971984690326973e+00
2.474220461073935784e+00
2.456519632837357303e+00
2.471406948886157640e+00
2.471268397987413046e+00
2.471475917560594926e+00
2.476263329083669973e+00
2.447995297677002302e+00
2.458873625092806048e+00
2.470050659487767586e+00
2.465858070989743300e+00
2.443697469699274816e+00
2.475100450470345770e+00
2.467895797635470068e+00
2.441665409742532766e+00
2.455700294384983717e+00
2.461054558957076921e+00
2.460079612903933288e+00
2.490676703677471071e+00
2.426894184545537847e+00
2.448552301474979487e+00
2.493237838291296082e+00
2.456146901865929433e+00
2.456260428333069346e+00
2.459761999649032749e+00
2.437714410390984021e+00
2.471211647342147266e+00
2.432161920155564427e+00
2.483509700623396821e+00
2.444777256733606130e+00
2.450939157066765350e+00
2.490989782802457420e+00
2.468739492234187427e+00
2.458218779066805748e+00
2.441154851796825564e+00
2.455937901564228198e+00
2.487174616838332852e+00
2.483236690464567520e+00
2.454504992806387342e+00
2.450905013937712429e+00
2.456877833062692140e+00
2.443544286554768519e+00
2.445999244421118046e+00
2.440629016535298845e+00
2.473503454115383082e+00
2.444374885578488588e+00
2.455155391600571502e+00
2.484933009633351286e+00
2.439690925564036661e+00
2.479156159878559418e+00
2.486439734285354586e+00
2.444390974548517725e+00
2.464078261614198517e+00
2.489579746563483020e+00
2.434116159318626682e+00
2.474386940348053177e+00
2.462415827882881381e+00
2.466735523786367512e+00
2.472081458459023384e+00
2.474083146551349977e+00
2.433182645367836905e+00
2.453849227285090251e+00
2.471549775908528535e+00
2.486620431215008420e+00
2.470737362265172266e+00
2.489944701899100998e+00
2.430013735194254565e+00
2.450511243321389809e+00
2.448030255102681796e+00
2.445065252300061331e+00
2.502748456413435019e+00
2.486695030673441220e+00
2.447728320881203068e+00
2.475916479885000854e+00
2.459388933284512468e+00
2.461533978514499843e+00
2.452392872867529938e+00
2.481733451336840979e+00
2.447366511994405247e+00
2.445221927414420904e+00
2.464314029184113242e+00
2.443275241321359204e+00
2.480861921336482645e+00
2.486363995757529199e+00
2.440081100476109377e+00
2.456543338265365417e+00
2.467844264880326044e+00
2.444850318712362913e+00
2.465875569128867628e+00
2.458596358789739700e+00
2.459267635624421189e+00
2.451387840320944367e+00
2.448737688527546474e+00
2.510306201678920601e+00
2.455882419869477307e+00
2.452824391196277709e+00
2.467921206174982451e+00
2.485974819612145836e+00
2.460035837763618449e+00
2.477369384407543951e+00
2.430860984843149275e+00
2.467967473879140172e+00
2.470532515748077973e+00
2.454790294746049373e+00
2.438007323626348199e+00
2.468808612254239865e+00
2.480745485963928409e+00
2.441291482508119781e+00
2.454264385361104583e+00
2.474513036321762449e+00
2.453421288644881404e+00
2.446400715241089152e+00
2.485571376527748733e+00
2.457924135789097519e+00
2.464412988777415769e+00
2.466592258482779521e+00
2.476017895289989834e+00
2.475738005421866283e+00
2.450116585560263793e+00
2.478170629883140297e+00
2.478865331508062653e+00
2.455308572330407557e+00
2.434247233439106317e+00
2.467864848442544723e+00
2.470098032605192451e+00
2.430765704341126376e+00
2.453336568897932501e+00
2.445648513407915114e+00
2.420588515117921613e+00
2.495607863810895388e+00
2.438756703443827778e+00
2.462633874427803349e+00
2.481075804584225608e+00
2.460560896267443898e+00
2.474937146702143043e+00
2.461399840239115733e+00
2.472190808670838624e+00
2.446757526667073357e+00
2.456293935963293595e+00
2.460883704806880345e+00
2.468105172998361407e+00
2.450896050571571561e+00
2.492565315603449960e+00
2.466198753138045596e+00
2.481805625276759297e+00
2.440090658454151296e+00
2.452145954475746237e+00
2.433712769822060196e+00
2.477193575978111184e+00
2.434059587324862939e+00
2.417225188279960246e+00
2.446040477187295004e+00
2.447231092380285578e+00
2.462785186553065220e+00
2.446228678550826707e+00
2.462703465890100141e+00
2.475825276953753207e+00
2.457382236987248447e+00
2.461879057065294418e+00
2.471706263667031944e+00
2.457397058749449581e+00
2.400159939512212404e+00
2.483154612139653938e+00
2.454253934066290554e+00
2.475573607083795036e+00
2.475054019492588075e+00
2.455952539617371144e+00
2.475199281170300303e+00
2.484115943628745438e+00
2.482107418186973558e+00
2.466197477099214552e+00
2.442713278576007507e+00
2.421945205404749668e+00
2.440981249545592480e+00
2.457078961897085190e+00
2.477298262014777652e+00
2.466551557086488433e+00
2.452648691666351688e+00
2.469388903069707819e+00
2.449656815166104007e+00
2.471710494535818370e+00
2.450109296403540693e+00
2.484737843564389870e+00
2.477631340655983561e+00
2.487325020005640042e+00
2.450073359177667776e+00
