2.468018488935477706e+00
2.476259377568177822e+00
2.463755142772821038e+00
2.468933557769859455e+00
2.445262345652349012e+00
2.470605714734850800e+00
2.482575780042254543e+00
2.441274529520351511e+00
2.466716835867237556e+00
2.460056624888388832e+00
2.465834968590957299e+00
2.457484972718965821e+00
2.447788581331634461e+00
2.458937073851442001e+00
2.476035439021825546e+00
2.465684097188601154e+00
2.451419409690864804e+00
2.456215697106550522e+00
2.444047597765662605e+00
2.451762687264600782e+00
2.466411198321436071e+00
2.462656909037126418e+00
2.484038699046373644e+00
2.474418854626488251e+00
2.471939068331023392e+00
2.455038148680301013e+00
2.453790136645680686e+00
2.468952263348199505e+00
2.478564346130124108e+00
2.445054174053308493e+00
2.453720060618533871e+00
2.455752709881898532e+00
2.461979592700176411e+00
2.467719618578888330e+00
2.469802985306682075e+00
2.473905226126814405e+00
2.444229128558854214e+00
2.423581223431752196e+00
2.465868346567250846e+00
2.447310105167672223e+00
2.466126865686663727e+00
2.468783631790147925e+00
2.479844430875269623e+00
2.465520620110810412e+00
2.449575936937127718e+00
2.465622163204319595e+00
2.475447421838494311e+00
2.474978748463821709e+00
2.454386642265383056e+00
2.447995943636633864e+00
2.464602512469177942e+00
2.479366114645081165e+00
2.472599026749170648e+00
2.467183787662861505e+00
2.480861091590868650e+00
2.456256912901467082e+00
2.455130652745756592e+00
2.478361505427037148e+00
2.477314152823890225e+00
2.458336293015836116e+00
2.470955210310842531e+00
2.414625034591154407e+00
2.459214597138634772e+00
2.481394186048164752e+00
2.470329643942201336e+00
2.467120891438066899e+00
2.467194011016399013e+00
2.482788321259168374e+00
2.448245693653155364e+00
2.450991823544592663e+00
2.469549270531201657e+00
2.472326039470208237e+00
2.450263612900837717e+00
2.457492448223030479e+00
2.457347406305259163e+00
2.461912018963528848e+00
2.452701848908251936e+00
2.470744929521789146e+00
2.450588864334425132e+00
2.449054191309380624e+00
2.472383130144580221e+00
2.452269669944960206e+00
2.477824157215025913e+00
2.466249510145689161e+00
2.459508160388077957e+00
2.455486011549148362e+00
2.457912792904769717e+00
2.467687253789931923e+00
2.445380992979375723e+00
2.469616226366342371e+00
2.470237276310728980e+00
2.463750562338365313e+00
2.483030155293756369e+00
2.443942304871926208e+00
2.452538720795960359e+00
2.476972493408331033e+00
2.473652237147874633e+00
2.472295935066594730e+00
2.462670758922248293e+00
2.468583098725154468e+00
2.431908790778918750e+00
2.450231728117617358e+00
2.468696942600502542e+00
2.479403416764645485e+00
2.449420812819819826e+00
2.463772580822328084e+00
2.445729910619820480e+00
2.461377714212602985e+00
2.436479380104398018e+00
2.448257591027816371e+00
2.457875124158392932e+00
2.466580071219507619e+00
2.449051890217019967e+00
2.479166120702790632e+00
2.463052699842217752e+00
2.468263366084069155e+00
2.473245012723701119e+00
2.465794577906710749e+00
2.464394613131837275e+00
2.470697192543349630e+00
2.470300046851977349e+00
2.474550035727563380e+00
2.471237475304832287e+00
2.466774506580117432e+00
2.448402735063694546e+00
2.473935869556617817e+00
2.452613596377831495e+00
2.466312031158423679e+00
2.453032062885834197e+00
2.445341914355046775e+00
2.460793618873778676e+00
2.468113929308962007e+00
2.478646989464499129e+00
2.472545046090226961e+00
2.456815585605510943e+00
2.459898320470941702e+00
2.473207004734561121e+00
2.459205307483029124e+00
2.465971671230671625e+00
2.462775847257491435e+00
2.460808421883350583e+00
2.472505167885165722e+00
2.454499587649519476e+00
2.465227391808507473e+00
2.470747848527242052e+00
2.461825090576762243e+00
2.464949341390419324e+00
2.447947579737137946e+00
2.462678060487122789e+00
2.468095641534169715e+00
2.461899233308668666e+00
2.482717285527881845e+00
2.477580215141906184e+00
2.468355270294655401e+00
2.482137164934661744e+00
2.464141612631468803e+00
2.477392114946749491e+00
2.476911447306120895e+00
2.479201239582166760e+00
2.454884165326232992e+00
2.461483525924073490e+00
2.480378346754144481e+00
2.431031372064341944e+00
2.470266999776688177e+00
2.472452712382951834e+00
2.457658574625798398e+00
2.463230666946036429e+00
2.443775361714420225e+00
2.473225827211505745e+00
2.466561825888446080e+00
2.462292033371732192e+00
2.477463497479198473e+00
2.456623255618902046e+00
2.459503388199307139e+00
2.445345484119744395e+00
2.481203488067324159e+00
2.454783582971683309e+00
2.458556358387015806e+00
2.446027054506020093e+00
2.458194564029202667e+00
2.465166331471225103e+00
2.451210701322763530e+00
2.470647832144724276e+00
2.462517305834869941e+00
2.458049917509188553e+00
2.457354393383754942e+00
2.444674798494207657e+00
2.446980305289100155e+00
2.468202233686287883e+00
2.452665829811666143e+00
2.425206479909597146e+00
2.456937070724531047e+00
2.464845131162873848e+00
2.456949114510705634e+00
2.472384588769205305e+00
2.438303498913501066e+00
2.464146020976316187e+00
2.472072018637333723e+00
2.475385524413802329e+00
2.465287619698898425e+00
2.458120489935515796e+00
2.457638810408535157e+00
2.467133334208456041e+00
2.472828242412057786e+00
2.448935818359867955e+00
2.476977126805291363e+00
2.471899021116346074e+00
2.461191818575677814e+00
2.465152088556098242e+00
2.465576000792419009e+00
2.464421720712306918e+00
2.439607611912931073e+00
2.461843576319802551e+00
2.475747466379046191e+00
2.466199497749049119e+00
2.447459536764923893e+00
2.458174525938540800e+00
2.453594555876643657e+00
2.450551968607281417e+00
2.481181930580433015e+00
2.450733192631739499e+00
2.468114815625547465e+00
2.476189783072265449e+00
2.476650665160657905e+00
2.460221395379313503e+00
2.452181403436635154e+00
2.436914556705318091e+00
2.472663082161650205e+00
2.440954259981682917e+00
2.473104396263999583e+00
2.452895264777185780e+00
2.449754433542493004e+00
2.446746159814208177e+00
2.467363497525103089e+00
2.468158101517604397e+00
2.478484899609425529e+00
2.452968171391352037e+00
2.470264388498434549e+00
2.452249501728178238e+00
2.476440919794426154e+00
2.471051287925088324e+00
2.441500998548083334e+00
2.466783539466994135e+00
2.455809171883437170e+00
2.440962488566891686e+00
2.465721170909321192e+00
2.445764410734930117e+00
2.424363606768435986e+00
2.463611289308851759e+00
2.478125882373755751e+00
2.471102610346256778e+00
2.439653681236080285e+00
2.464452585742042512e+00
2.470456932719228060e+00
2.466028642317007691e+00
2.457974572831964633e+00
2.487429215383025749e+00
2.476449650598605334e+00
2.463684257808150591e+00
2.470648412058182419e+00
2.453889113345799622e+00
2.473034893870072803e+00
2.421580088764298200e+00
2.438503827358377229e+00
2.452337537799481826e+00
2.452192295997133176e+00
2.458582496648941795e+00
2.458705899938613992e+00
2.448569874402083180e+00
2.458289893521530267e+00
2.477973404959123993e+00
2.469352730673856300e+00
2.466821623018564669e+00
2.479964358414554759e+00
2.459019571769419432e+00
2.466712614434880102e+00
2.463187946757873004e+00
2.463367807925694208e+00
2.449159521894675784e+00
2.468505763665142183e+00
2.463782511961430277e+00
2.445040385658952431e+00
2.458841804429876099e+00
2.435393916711845019e+00
2.449129882417401038e+00
2.470939389405296893e+00
2.464909393930115211e+00
2.464583365885396393e+00
2.444931221285237655e+00
2.460629019060490030e+00
2.471974344088843090e+00
2.458645475616639153e+00
2.465911851581398473e+00
2.466866331448059668e+00
2.447678352283469749e+00
2.441242953931866744e+00
2.464845486715057987e+00
2.465086450055170353e+00
2.438219063849566659e+00
2.484076422295909747e+00
2.454776978791409547e+00
2.475151988617234622e+00
2.456619237725971683e+00
2.452625381661135862e+00
2.457415647614767273e+00
2.422714069384704683e+00
2.469931272324283000e+00
2.459476030058909579e+00
2.454075620668161317e+00
2.455784249815114340e+00
2.457055343629801936e+00
2.464793558752296221e+00
2.468790160720617965e+00
2.472319851384678024e+00
2.456198556717683612e+00
2.477046543795082378e+00
2.465539414824073461e+00
2.474878448621332883e+00
2.446529544090366937e+00
2.468692342961143371e+00
2.444978629534691361e+00
2.458938603471167106e+00
2.468319582406562684e+00
2.474847425640105847e+00
2.472975223751086915e+00
2.462336307215143183e+00
2.469412206764935558e+00
2.446791992081238654e+00
2.440458622846569003e+00
2.474625673953112504e+00
2.428450028216966761e+00
2.467866130315243822e+00
2.455375928471013047e+00
2.449311110525357105e+00
2.464770629381000777e+00
2.456419474213948462e+00
2.474091577277012899e+00
2.458485848616935421e+00
2.468327549637993723e+00
2.477729314616884615e+00
2.483931645496150864e+00
2.469573390465821472e+00
2.473265428174705960e+00
2.463278760641903542e+00
2.472430759534155253e+00
2.440638896718364315e+00
2.466941572477988398e+00
2.467517984083359206e+00
2.446792741778564206e+00
2.440235192849898649e+00
2.467943023573978323e+00
2.449768635039973663e+00
2.469793527141991962e+00
2.465455373767146074e+00
2.469070707174722212e+00
2.436890188206352725e+00
2.446839976016274676e+00
2.448218599191631206e+00
2.477091863152882212e+00
2.465856451067435451e+00
2.470927953655791320e+00
2.457798618592043294e+00
2.471319977017944147e+00
2.471995134739033428e+00
2.463028847174549618e+00
2.454636641832325328e+00
2.461468470580989276e+00
2.461353092884516425e+00
2.454338244480441134e+00
2.476430313090114854e+00
2.462025710317087057e+00
2.455192572080450386e+00
2.455916887106992963e+00
2.486466220064951660e+00
2.451828830343342869e+00
2.443758287119219830e+00
2.440962651851528165e+00
2.458633819138235754e+00
2.483646120883696184e+00
2.451121646257182540e+00
2.472623342632709331e+00
2.471751391709676948e+00
2.463731630348124924e+00
2.454959967331450166e+00
2.458672700419914925e+00
2.474015742735367951e+00
2.468740687374372911e+00
2.474286494160265804e+00
2.463908063051384989e+00
2.470099797436824840e+00
2.455522209103083053e+00
2.462030489667121014e+00
2.460568244520370484e+00
2.465649470644054819e+00
2.469181856307257394e+00
2.460567051377553049e+00
2.474072856283387356e+00
2.462499225959829730e+00
2.452606371948656605e+00
2.459614240063622503e+00
2.458643623410538215e+00
2.463151888447268512e+00
2.469604289693962063e+00
2.462416581454168529e+00
2.480505780195132015e+00
2.474546680590039571e+00
2.452853391773906377e+00
2.446112911631159736e+00
2.466402842958856478e+00
2.462148571653492990e+00
2.477986438284610848e+00
2.463591340669439411e+00
2.451130275493602184e+00
2.478396074216702605e+00
2.467460329287592735e+00
2.464150325818881715e+00
2.469525692944574136e+00
2.460425639961398403e+00
2.472041513775368404e+00
2.452278931415667884e+00
2.468004599510204677e+00
2.461362621259075123e+00
2.458959490179682739e+00
2.458825400892133750e+00
2.471162438393677441e+00
2.458418237420054719e+00
2.457665669785282336e+00
2.452876693363590377e+00
2.461290135092606413e+00
2.480849902109376171e+00
2.470899649816979959e+00
2.431606829658586655e+00
2.481015916972585611e+00
2.449468199525704382e+00
2.476132730907940172e+00
2.476371854173778697e+00
2.462190769729669881e+00
2.472421608952199534e+00
2.454023930238264040e+00
2.467844469555301679e+00
2.431129013312944398e+00
2.467988743892842507e+00
2.467981073477671039e+00
2.485201307588552844e+00
2.485782343523404325e+00
2.446975870796312957e+00
2.466608694921379019e+00
2.459523500238088634e+00
2.473756108321631064e+00
2.481055343599765539e+00
2.450600477317816939e+00
2.464160215701921341e+00
2.476798009035254378e+00
2.473586041519836076e+00
2.443903347521505953e+00
2.464994047298216806e+00
2.461916889229414096e+00
2.458848328936588334e+00
2.484764831347853864e+00
2.469864879176542516e+00
2.457736480995472483e+00
2.463107426247382659e+00
2.454942837531274069e+00
2.461864123249289715e+00
2.454697626160668555e+00
2.461166671636537462e+00
2.441556710636250571e+00
2.455866214812160386e+00
2.467945706866644162e+00
2.453822721407111995e+00
2.483040904542967997e+00
2.446532179683852171e+00
2.465162544196750627e+00
2.454318405216286969e+00
2.453126393613433986e+00
2.450458982825511889e+00
2.479131715313441564e+00
2.456528642368991822e+00
2.469341707707356726e+00
2.459605938638818046e+00
2.459530519780146030e+00
2.460619575452721364e+00
2.481970625668618702e+00
2.476166029722354445e+00
2.470657628662214389e+00
2.461409145611056282e+00
2.455920394101692050e+00
2.464129995657002414e+00
2.462182295716606628e+00
2.452939637375907367e+00
2.469950817212590799e+00
2.454879851230417298e+00
2.475069351179568944e+00
2.480631888740151503e+00
2.465432620517896023e+00
2.465830034858583986e+00
2.452490381012774723e+00
2.453123809656122312e+00
2.448283427284679181e+00
2.450349770645338321e+00
2.464241617088705816e+00
2.457303900042677736e+00
2.452367297591256268e+00
2.476269581971601408e+00
2.478656716720159636e+00
2.450090964122560777e+00
2.459412162504183375e+00
2.463881051704199354e+00
2.457595901756166157e+00
2.464944557849284568e+00
2.438172891051833879e+00
2.462934919394831557e+00
2.463681090490636105e+00
2.471761704767893697e+00
2.473580842947483482e+00
2.444600295393590361e+00
2.463565840504151616e+00
2.455882510757932291e+00
2.466888226973507958e+00
2.468082866284162069e+00
2.446501690629687253e+00
2.473990572026013357e+00
2.480671554766927134e+00
2.464909512708288730e+00
2.460922863132635641e+00
2.444792178647015479e+00
2.467419020153026388e+00
2.467093729409856717e+00
2.468853082454982140e+00
2.475839669088085060e+00
2.478648621558054543e+00
2.417205864763487533e+00
2.462878259360711919e+00
2.478266044136339996e+00
2.472310495520822826e+00
2.470175713216640645e+00
2.472958165370035655e+00
2.447671484813161324e+00
2.469005223684561656e+00
2.487680146318018704e+00
2.459924916040340026e+00
2.459789948783567493e+00
2.464011820710204859e+00
2.453391370371670543e+00
2.444485727625600013e+00
2.448633781684109056e+00
2.459318545721879801e+00
2.460072162413208474e+00
2.441038717665454882e+00
2.464050513842893420e+00
2.444887256933782727e+00
2.435166802450958734e+00
2.460831121614605710e+00
2.483473661776199659e+00
2.449666052138446570e+00
2.462160344556056923e+00
2.443215175198307332e+00
2.469033984032371176e+00
2.468660163628522586e+00
2.464935936027094598e+00
2.436520123570155238e+00
2.476090003453669475e+00
2.459021011909761967e+00
2.471684454673592768e+00
2.472493438393541965e+00
2.486313927524156586e+00
2.462531618833615710e+00
2.479097588303224686e+00
2.464693384930776610e+00
2.469691186531859817e+00
2.471136590264416011e+00
2.469660413673993027e+00
2.468797169555298598e+00
2.473195859025588028e+00
2.453704776220612338e+00
2.466229286901028050e+00
2.448700777449276167e+00
2.471151711544611551e+00
2.485152498480303507e+00
2.481921282534142570e+00
2.466122091676022698e+00
2.481032010855360959e+00
2.446932116579924266e+00
2.481682630745751794e+00
2.453850292907936215e+00
2.446978864458845493e+00
2.456554850075023388e+00
2.470840615162608334e+00
2.470093944184034829e+00
2.450198585828201381e+00
2.471320395388926006e+00
2.468779751346601881e+00
2.474895598791083451e+00
2.458048050496825621e+00
2.464904377743183161e+00
2.468436000129898389e+00
2.474935537790857953e+00
2.472367091110086790e+00
2.462729823402204143e+00
2.486024891130509396e+00
2.474547468227207059e+00
2.469687531082046750e+00
2.449045614057191678e+00
2.468300587501217169e+00
2.470018487151179443e+00
2.468467118111906888e+00
2.469711113383294521e+00
2.487156194883568983e+00
2.477545716620629612e+00
2.472963345740670782e+00
2.456023831070377028e+00
2.476299478725711545e+00
2.448570192970112025e+00
2.450336543354431740e+00
2.480619907500813515e+00
2.465037839629869776e+00
2.471294798704246620e+00
2.439876455744756090e+00
2.443671266102291462e+00
2.440886548692626778e+00
2.476916162770438579e+00
2.448412969171175568e+00
2.459774158122948862e+00
2.481960841567591558e+00
2.463039235800094762e+00
2.450285517188527606e+00
2.460659137940888197e+00
2.451328117021653430e+00
2.461908072790647495e+00
2.443772140101823975e+00
2.441875135865696489e+00
2.454043758348006588e+00
2.470604181915773800e+00
2.469807474414113191e+00
2.434008745370269011e+00
2.476217547368455119e+00
2.448386518965993908e+00
2.471785460843015425e+00
2.470899897928901634e+00
2.464932123817876519e+00
2.459988528933753305e+00
2.447914837319675296e+00
2.481865766439108612e+00
2.472639557235623453e+00
2.472406682050664273e+00
2.475029143137942089e+00
2.480392133145822076e+00
2.466695241627056223e+00
2.466267663709502678e+00
2.466555032821747151e+00
2.454792902999513693e+00
2.478419736025382569e+00
2.465170241841595278e+00
2.472180832266211770e+00
2.469502450309354558e+00
2.469797734774981990e+00
2.466750719195561548e+00
2.470799329179521386e+00
2.470249540057763316e+00
2.455868943556577921e+00
2.478181714869786667e+00
2.469657907441913380e+00
2.468301138462865918e+00
2.476290532137955580e+00
2.450865598978395177e+00
2.447346625915458596e+00
2.445631788383850314e+00
2.445059503379085619e+00
2.480870739715054452e+00
2.473763845148627016e+00
2.440396248314157912e+00
2.470380695907381075e+00
2.473269864303819343e+00
2.474175619229448841e+00
2.455716053412354771e+00
2.425631230793294790e+00
2.465832525125988717e+00
2.458086446290518534e+00
2.465759851779687928e+00
2.470618096242549910e+00
2.467631152697306707e+00
2.453819456839449131e+00
2.465468174083173203e+00
2.471035964788549588e+00
2.461274704993437812e+00
2.463680948985240260e+00
2.466694245936085661e+00
2.468263387474976422e+00
2.456234588984457901e+00
2.484924697756645262e+00
2.467671934756265895e+00
2.465541758224277569e+00
2.451396536026471562e+00
2.463012624643734494e+00
2.473414083034489952e+00
2.460712698246384722e+00
2.454833082059592275e+00
2.463476387186639638e+00
2.447176453225516468e+00
2.473042930455380706e+00
2.464529236777208698e+00
2.470694041847615541e+00
2.480792677961624282e+00
2.467316032137084392e+00
2.457814149137238946e+00
2.438672434847930059e+00
2.476332282996869250e+00
2.451149267771935314e+00
2.468088799361623842e+00
2.456552711908822406e+00
2.422307628622530906e+00
2.481964454670590126e+00
2.470326524584279149e+00
2.456741335924511827e+00
2.459327425497537245e+00
2.460006164195243095e+00
2.459195072325176312e+00
2.474402053657934530e+00
2.449129603075335115e+00
2.487122703300619797e+00
2.462391808121117798e+00
2.470317066778823900e+00
2.456269361812374097e+00
2.474951602669551942e+00
2.425866581522333032e+00
2.465450733531922012e+00
2.489499259661760888e+00
2.462379914362661015e+00
2.447244126593624447e+00
2.470905262125759005e+00
2.489976157401993628e+00
2.454704818764903429e+00
2.459725252708547583e+00
2.447275181783673759e+00
2.452248544741344460e+00
2.468835094079991688e+00
2.467048073549579890e+00
2.441884897153756562e+00
2.482116656075687100e+00
2.469194580320267285e+00
2.487878867862446164e+00
2.482451132088948409e+00
2.453894073252386843e+00
2.475023962946822920e+00
2.444526936225757119e+00
2.442261966763771941e+00
2.464441966564218323e+00
2.441623688412326132e+00
2.452904077660400528e+00
2.456441320073403656e+00
2.482372139152005275e+00
2.472664999371485539e+00
2.473003453412139674e+00
2.454702786453109020e+00
2.479215341879259071e+00
2.479777708904214784e+00
2.477087453403732820e+00
2.472041385134237323e+00
2.466799718484775639e+00
2.449694098760265337e+00
2.486603387303103041e+00
2.471392263062844652e+00
2.467782210720857794e+00
2.474891785056882565e+00
2.471941504627953368e+00
2.464315889092231870e+00
2.485520305682599851e+00
2.472084726187971704e+00
2.454129789085666147e+00
2.449340865730821548e+00
2.442709987370439872e+00
2.467916819179645671e+00
2.449989391303149411e+00
2.456480056189903394e+00
2.463291785568900938e+00
2.479263183216856792e+00
2.473448583668763856e+00
2.453089646194263729e+00
2.457488487561023671e+00
2.457269546129125626e+00
2.462048853411906713e+00
2.460919695885206870e+00
2.471237444747567125e+00
2.465927216755538165e+00
2.403067764696545705e+00
2.463865419437624826e+00
2.430261322486240161e+00
2.442916178441162600e+00
2.464981233964759877e+00
2.470251423799115553e+00
2.445541670409765889e+00
2.468959434535800135e+00
2.456750612586050764e+00
2.471886491821412069e+00
2.445431687180700031e+00
2.464734353343128070e+00
2.442688366581822201e+00
2.467424393723551823e+00
2.466590088463909591e+00
2.442402691776675905e+00
2.461818799430650628e+00
2.467271005901889414e+00
2.454864989053453517e+00
2.450541582630670234e+00
2.475114162455067657e+00
2.451768589639154339e+00
2.465571436656657678e+00
2.467992240771964774e+00
2.456912382430277653e+00
2.485682135596619879e+00
2.447165864549558201e+00
2.428747867907222524e+00
2.446511954774814424e+00
2.478360600874312425e+00
2.484847085522729593e+00
2.457069320198246754e+00
2.464546153790557970e+00
2.473676058076567319e+00
2.485451760722363623e+00
2.458717904629888373e+00
2.463692006959301128e+00
2.482155159687965629e+00
2.462852140186218008e+00
2.457734467624642871e+00
2.451150626720149717e+00
2.445579816574261933e+00
2.459971159261701512e+00
2.461899392752666671e+00
2.454915605090766118e+00
2.455094313242183635e+00
2.477202746385305243e+00
2.472026413345242091e+00
2.462161822425572133e+00
2.446590731404252317e+00
2.460636169822509434e+00
2.464197106459213416e+00
2.463477280305481187e+00
2.442084335055176858e+00
2.453507505014784318e+00
2.463990259973050989e+00
2.473474419495039989e+00
2.470159632553521334e+00
2.478137352508865465e+00
2.468872700792172026e+00
2.457567841319325819e+00
2.468167405859337915e+00
2.475598419458777233e+00
2.459305810216690258e+00
2.450342778824819323e+00
2.460383260767073921e+00
2.468473767213152037e+00
2.460345591471187365e+00
2.448274157085464253e+00
2.476628398842599665e+00
2.459930687911185299e+00
2.447402230935207701e+00
2.474178297588117026e+00
2.446989571880530789e+00
2.457016385165800454e+00
2.481554332563232546e+00
2.474611709523689029e+00
2.469436618990368260e+00
2.476057832901919831e+00
2.453159788504863936e+00
2.466894068868191070e+00
2.433905286652094713e+00
2.471204769892071607e+00
2.453613840408011004e+00
2.441668983530695058e+00
2.470195430883963983e+00
2.457625309517772916e+00
2.463422010183211164e+00
2.460958030712079303e+00
2.451426044291005191e+00
2.456362428147312205e+00
2.450715799130852801e+00
2.477885814911664930e+00
2.467880642782761313e+00
2.473595152525155161e+00
2.476558579191058485e+00
2.455798646380484396e+00
2.485914444968109205e+00
2.459166728243113997e+00
2.464932971528750016e+00
2.470235200514239171e+00
2.473225575118062736e+00
2.474210716441025859e+00
2.466316021346012022e+00
2.466131903849566154e+00
2.448496911697905176e+00
2.454498805752206358e+00
2.476191145793021242e+00
2.441229891489678838e+00
2.472500437977805721e+00
2.475613401612965170e+00
2.447319645005347599e+00
2.448611809831473973e+00
2.464820446659483189e+00
2.468687113115384246e+00
2.462032420903441654e+00
2.458644520841044123e+00
2.467697982829098802e+00
2.475318850692633355e+00
2.474794554770855193e+00
2.455695034509645769e+00
2.469897622445247354e+00
2.475908085528318647e+00
2.460082272384590762e+00
2.476138334469555780e+00
2.449289288597882752e+00
2.472313629807413093e+00
2.477953036508932172e+00
2.459753109525012249e+00
2.449615037080610236e+00
2.468017694394133432e+00
2.455617986174155831e+00
2.451850351467189437e+00
2.484739305035129853e+00
2.469101726987009471e+00
2.467440047145721849e+00
2.448908339658365296e+00
2.464150863007386505e+00
2.480499940922945346e+00
2.461128422531434712e+00
2.452649589875458336e+00
2.459165957272669623e+00
2.458630705101244374e+00
2.446337672935287255e+00
2.458074427232825876e+00
2.472787397423609423e+00
2.456025781206784497e+00
2.480393745927595539e+00
2.476375332705506249e+00
2.449492840644063030e+00
2.474188297988761498e+00
2.459682987459659298e+00
2.463634750950866259e+00
2.465851528132064541e+00
2.456487829377320242e+00
2.466080627780592227e+00
2.454174114725144129e+00
2.453097969815704715e+00
2.462824701479951361e+00
2.460289234373010725e+00
2.444651352898317587e+00
2.463972226541378152e+00
2.457253733970703902e+00
2.475938982246272513e+00
2.455272217720130268e+00
2.457098813374941404e+00
2.470476766911473110e+00
2.456132120056758961e+00
2.467088136621289340e+00
2.450869668981065175e+00
2.453579278291745602e+00
2.471049664284278080e+00
2.476644063280557084e+00
2.455319879428719432e+00
2.463053388392266729e+00
2.478972435672945895e+00
2.464522733530806864e+00
2.474441858932678873e+00
2.465485857188611352e+00
2.470217780692598453e+00
2.486326673409279930e+00
2.467011053131720644e+00
2.449969264761548970e+00
2.459270265653567211e+00
2.468856547258840184e+00
2.465249427106332547e+00
2.450923127644541122e+00
2.455417667542893145e+00
2.450496905927380453e+00
2.482557661572888374e+00
2.454157410680289253e+00
2.457100672480907466e+00
2.459012728705875173e+00
2.459825527823066071e+00
2.461600994162210565e+00
2.469559530733371311e+00
2.445454319220250028e+00
2.485868239785284484e+00
2.478648219306260447e+00
2.463957862455165682e+00
2.455327504716477538e+00
2.477836861505584132e+00
2.446111955497762391e+00
2.442980707513371819e+00
2.461975280618464712e+00
2.440269544916759070e+00
2.469842744345126739e+00
2.464176610822691682e+00
2.487192751138289193e+00
2.450566436621528066e+00
2.466230717826253027e+00
2.462164032120154555e+00
2.469790095407483843e+00
2.462204145946394362e+00
2.475759531062124985e+00
2.493818077784767606e+00
