3.978116890094327562e+00
3.995318620383766728e+00
4.023973857338750904e+00
4.005941474912954270e+00
3.976798646885235211e+00
3.996242840370764604e+00
4.011866928086927686e+00
4.010731503382253038e+00
4.013039197691221638e+00
4.006715645679015836e+00
4.006809019920852144e+00
4.013531279744756652e+00
4.001354918177243647e+00
3.983654389162693210e+00
3.998965129435777310e+00
3.995217841004016002e+00
3.972033941085610476e+00
4.015143694219357684e+00
4.010234966824104852e+00
3.988988447732016773e+00
4.015453962887977291e+00
3.956163616713089137e+00
3.983992619008699609e+00
3.990158583925441427e+00
3.984591288478092519e+00
4.024742614129799279e+00
3.978068831444551812e+00
3.984857087084086480e+00
3.998022114297643537e+00
4.009017355523517345e+00
4.021581672777502448e+00
4.000103672171651858e+00
3.989653482976920795e+00
3.980758661168120494e+00
4.009213747665067551e+00
4.005109579496783034e+00
3.973983548664925536e+00
4.033626509877118238e+00
4.013533829140837561e+00
3.994570914101450931e+00
4.007395857096846647e+00
4.007024963520273708e+00
3.993471395532823376e+00
4.028483996251091881e+00
3.997472678490488374e+00
3.992939304461566863e+00
4.010818080628248516e+00
3.972494061123139630e+00
3.994229753920387260e+00
3.993977091896058873e+00
3.986003083498431021e+00
3.995766121422394956e+00
4.017934472616939701e+00
4.009571789777363726e+00
4.021784188727036913e+00
4.022141279464798380e+00
3.995287979002778211e+00
4.008700796581140757e+00
3.984155880042059561e+00
4.004999603024595345e+00
3.994528945491156779e+00
3.959961663319251368e+00
3.996186429882125246e+00
3.994168575919882169e+00
3.981000164702509281e+00
3.972049731721247756e+00
3.992078858629199534e+00
3.958509778672242962e+00
4.002451695285016875e+00
3.925281690275316038e+00
3.988192319884446224e+00
4.008456542266312539e+00
3.982288933204216175e+00
4.020302478207193886e+00
4.000935867254779232e+00
3.999589948421162777e+00
4.010316284609055870e+00
4.006190181821052576e+00
3.975841092552404366e+00
4.022436704173120603e+00
3.967574353822287847e+00
3.979985666063369898e+00
3.990071162219051004e+00
4.009042113556506415e+00
3.970637296627080204e+00
3.996082380109139631e+00
3.994476951511131801e+00
4.005168856847086900e+00
4.012947549861866747e+00
4.035390329002415122e+00
3.988407222975937749e+00
4.020219996736860146e+00
4.016183171846724242e+00
4.011761185172177058e+00
3.992553852207889609e+00
4.021966231767938105e+00
3.998106952936052227e+00
3.976338376770664151e+00
3.985576440015814015e+00
4.003119738393097649e+00
4.007965676133056654e+00
3.969227678505551804e+00
3.992952052141676589e+00
3.979392798781193896e+00
4.013607426084184304e+00
4.017018118175402996e+00
4.028222690808890505e+00
4.012671859837205979e+00
4.000985377491637962e+00
4.020954562612238270e+00
4.010565886619230191e+00
3.999371834697446726e+00
3.992395700996179464e+00
3.991073846141470760e+00
4.010008912405991666e+00
4.004024769118122329e+00
4.013790375523535126e+00
4.004462852364797598e+00
4.010457459285608373e+00
3.993402592671491114e+00
4.022030787118445083e+00
3.990903988885873943e+00
3.951135259839132718e+00
3.999944254297193247e+00
3.959449321790075249e+00
4.000553373228770582e+00
3.968878410494553144e+00
4.020008051770738611e+00
3.980313815178524894e+00
4.020512652463390069e+00
3.992350419207017609e+00
3.995884217227172019e+00
4.014064295671222027e+00
4.013651353099563224e+00
3.992987436333753415e+00
4.018513637841256703e+00
4.005302819785590884e+00
4.035107312388009682e+00
4.022907875127945232e+00
4.004697696808003471e+00
4.011771539064620917e+00
3.940781328786269189e+00
3.939446300477408069e+00
4.020871012710075298e+00
4.008555428105473162e+00
3.984955258598175565e+00
4.028225139469065574e+00
4.031272934610236724e+00
3.969413289603797246e+00
4.015017182631501313e+00
4.000950761791197685e+00
4.014557896328019737e+00
4.008904073703309479e+00
4.024360564319692912e+00
3.976493396261998825e+00
4.001169048233935932e+00
3.975928589273098890e+00
4.015621168742206315e+00
4.021607781220812861e+00
4.022527970828491561e+00
3.989371600374200799e+00
3.990717683109686664e+00
4.007432567825975234e+00
3.954487419411351734e+00
3.979315348269573338e+00
3.951122191949986373e+00
3.974741799233327377e+00
4.012483743426999538e+00
3.996906881054504090e+00
4.015212168755844857e+00
4.006792721440183946e+00
4.014228576533223958e+00
4.015213278658119833e+00
4.022766172883366131e+00
3.998736177174372575e+00
3.987484310471022031e+00
3.999108956090921208e+00
3.967033758902164031e+00
4.005900821387383459e+00
3.986559086970486110e+00
4.007064568136037508e+00
3.979254354557966611e+00
4.011282194704512527e+00
4.003348190965013487e+00
4.001147157606522953e+00
4.004537378749854604e+00
4.013471047653236923e+00
3.966042642232764148e+00
4.001749866046154125e+00
4.019118118663533856e+00
4.001157551869003015e+00
4.008564673584561255e+00
3.995709232498261709e+00
3.970004999846140858e+00
3.989569253007749339e+00
4.003786308641098302e+00
4.007334557849292267e+00
3.994527047785015217e+00
3.973524416145726601e+00
3.931115388003769251e+00
3.995717490802390692e+00
4.021978258996659505e+00
3.987872682502430433e+00
4.006852463279026111e+00
4.006418423478425694e+00
4.009085703883547680e+00
4.037206742105126978e+00
4.009929752076759613e+00
3.988066431751165819e+00
3.989250652520038187e+00
4.001521190444623066e+00
4.010943429925169390e+00
3.998848234667310653e+00
3.988631855719010133e+00
4.025310513101113763e+00
3.984978958014893102e+00
4.005748896998290398e+00
3.994005213497959783e+00
3.962594342494245137e+00
4.028278802430579120e+00
4.027715032124122629e+00
4.018421903204957957e+00
3.992301758851761750e+00
3.993557050887022175e+00
3.995569776391644456e+00
4.015069836886224763e+00
3.940219389904778602e+00
3.999650347141391116e+00
3.974848894495255802e+00
4.017128416343333619e+00
4.003118375536600659e+00
3.973612820711362126e+00
4.009320987621109111e+00
3.990298905822229791e+00
3.996880145029368503e+00
4.011603018941255705e+00
4.006995850786855051e+00
4.020159210917658932e+00
4.023013825717972836e+00
3.962075285210446829e+00
3.993617304182043082e+00
3.996404503591363788e+00
4.018981690972585952e+00
3.992986740766973686e+00
4.006180571358153308e+00
3.999616819042549398e+00
4.007664104635705549e+00
4.018996288320458632e+00
4.020603888162197492e+00
4.033075084590746151e+00
4.016626337648531830e+00
4.026844713189015934e+00
4.011603533369052066e+00
4.004554418696178786e+00
3.995184212669864898e+00
3.940606674080253224e+00
4.020282630793245993e+00
4.009472492238490560e+00
4.004435870846180023e+00
4.024315398673103950e+00
4.035656949941370364e+00
4.026849076927774718e+00
4.018035543417567190e+00
4.014917005647119730e+00
4.005937017953340451e+00
4.009941700804934506e+00
3.994317310644220687e+00
4.004523122592827278e+00
3.993988523539210522e+00
4.018787548050408276e+00
3.994499072765711478e+00
3.994618181443162719e+00
4.013934933313420217e+00
3.998631008063761705e+00
4.013687833354643075e+00
3.990184144666678812e+00
3.970770034982589625e+00
4.008418782964501048e+00
3.986049263196174142e+00
4.036345044621286071e+00
4.011265101443870940e+00
4.017884897182800508e+00
4.015510830494488204e+00
4.005803288754053781e+00
3.967539459049255424e+00
4.004880075520954819e+00
3.995366524294749144e+00
3.991021188471203907e+00
4.023204289952310830e+00
3.985879934558250515e+00
4.002542302480843084e+00
3.910491027348541593e+00
3.985260758213098331e+00
4.028808969482594371e+00
4.016046650614749858e+00
4.009545185476609319e+00
3.950236681110947057e+00
3.975977996591153474e+00
4.019120168999526399e+00
4.007860459829628574e+00
3.984053942079206490e+00
4.018133039129140549e+00
3.995720389332557243e+00
3.995641412671448567e+00
3.979377312905193254e+00
4.003353245170163888e+00
4.013853125219494444e+00
4.009276952405614658e+00
3.990342551968331986e+00
3.972970136340019831e+00
4.009954767320820679e+00
4.007691990479719024e+00
4.000572485203827355e+00
3.992593992815987480e+00
4.028694760774646610e+00
3.983670480274981163e+00
4.019907179879922410e+00
3.986876526179577773e+00
3.986176843749864140e+00
4.021309293510593186e+00
4.018197889198169115e+00
3.956388357350778762e+00
4.009389231359826056e+00
4.032213635073677693e+00
3.982457169193428737e+00
4.017498832190837810e+00
3.997228512766715980e+00
4.014169008797498606e+00
4.021541720644203899e+00
3.993952673873961690e+00
4.030353096117374356e+00
4.001914155144508989e+00
3.987692825039856448e+00
4.018289564871367681e+00
4.022934433909054697e+00
3.992498238467083294e+00
4.000644231495817493e+00
3.996381952932363646e+00
4.032653111760270193e+00
3.985638147173109047e+00
4.011336518948567686e+00
4.034875452767601622e+00
3.979080649696352445e+00
4.002787904985632750e+00
3.938235639376831632e+00
4.024443937331493082e+00
3.992876070192020954e+00
4.034138143434168988e+00
3.996734537531462017e+00
3.987237632239492235e+00
4.018071900482112824e+00
3.996602988631798858e+00
3.928296642567819408e+00
3.996417913143506251e+00
4.003843194541835793e+00
4.020774238936419387e+00
4.011729860694093652e+00
3.992234848023050287e+00
4.022513122090583870e+00
3.973634128599402349e+00
3.946295343609162565e+00
4.007087438892568798e+00
4.016533656072665437e+00
3.975439783602612298e+00
3.992320010987679524e+00
4.037180456677081253e+00
4.014438091601217451e+00
3.981899784208641435e+00
4.005532928856601949e+00
4.028602875993595234e+00
4.010170542846101860e+00
4.007460142624352351e+00
4.010312087059112685e+00
4.019117059093050059e+00
4.028554851477361254e+00
4.008595587389325310e+00
3.980088338961533800e+00
4.023043853913067736e+00
4.010426899880386920e+00
4.026736438997089884e+00
3.983775970012394030e+00
4.020800347130704111e+00
4.009188706068520069e+00
4.014220671492509496e+00
4.003921980260655822e+00
3.994506238021688471e+00
4.025686766572574626e+00
4.005343766580168108e+00
4.024467970103728476e+00
4.001753588249390425e+00
3.974731805558915365e+00
3.985686482588276736e+00
3.992795768858893535e+00
3.963315921898789895e+00
4.001320210414949230e+00
4.001291685941722243e+00
4.012804675758178341e+00
4.013522202686498730e+00
4.005419928043331801e+00
4.029689089883689235e+00
3.966049894048976565e+00
3.984453918186742438e+00
3.998444677075097875e+00
3.976097767559642282e+00
3.992923737650476035e+00
4.016539062723192721e+00
4.005367500363300692e+00
4.005044885797356180e+00
4.033013970298401141e+00
4.010112913933244982e+00
4.000703261999877469e+00
3.996507561000196773e+00
3.969255168549334467e+00
4.006875224262456570e+00
4.020029426120039773e+00
3.990981423331370959e+00
3.977812280823680879e+00
3.982082703097360454e+00
3.942522087710529810e+00
4.005913028079405080e+00
4.041457635384303693e+00
4.010842880972176339e+00
3.884263023597400721e+00
4.026996418586868742e+00
3.988856472952984955e+00
4.016790221370354352e+00
3.966287057273359729e+00
4.028790755160051695e+00
4.019462493615873377e+00
3.993351576817881110e+00
4.017316157422093248e+00
3.976358990362993229e+00
4.022011817761142360e+00
4.021992170931166122e+00
4.003686816103185109e+00
4.021436757457205857e+00
3.943773789266405316e+00
3.994172517596273675e+00
4.021273694828931156e+00
3.986123253251591780e+00
4.030015410542027610e+00
4.021559166999438162e+00
4.020522509109790477e+00
4.011131400897159693e+00
3.979264138019547037e+00
3.984687028304451761e+00
4.004541787661399788e+00
4.015546840490586966e+00
4.006500201389907367e+00
4.010068562998982955e+00
4.012936287920190637e+00
4.006179257290000351e+00
4.005943424628765293e+00
4.023082355905970964e+00
4.016742356634612321e+00
4.030191062054338857e+00
4.017596162005247606e+00
3.990637371687707713e+00
3.998621652642958324e+00
3.963779857191743083e+00
3.996691589630362973e+00
3.941400948055351350e+00
3.992712073568674747e+00
4.016279580703452368e+00
3.997482354871090493e+00
4.023316555062454114e+00
4.002354070246130213e+00
3.970017949937616475e+00
3.973412704834090814e+00
4.007087950780619856e+00
3.995076974381108759e+00
4.016987227771853242e+00
4.015558372921769426e+00
3.989873698399684532e+00
3.983504522706528217e+00
4.003135999705241588e+00
4.013487382004260695e+00
3.967622013943775894e+00
4.010600305149848666e+00
3.999111858815817655e+00
4.010835313404498947e+00
3.983184694873627585e+00
4.000005609759247349e+00
4.003971953709291043e+00
4.019575044315239154e+00
4.028446048599981566e+00
4.002295103390545172e+00
3.998102127083439150e+00
3.998359262246883095e+00
4.021441352001787983e+00
3.996323126484456090e+00
3.985741464281403523e+00
4.006697544513202480e+00
3.988636569401893261e+00
3.996301641648512426e+00
3.977493427269414461e+00
3.989084291121907544e+00
3.963487031256782700e+00
3.998231035229279140e+00
3.984781429070175296e+00
4.037138477872482589e+00
4.005258725187365698e+00
4.019855924010632187e+00
3.968293793649522172e+00
3.997619848658501063e+00
4.005914012428623217e+00
3.986915418482171347e+00
4.007429921290820651e+00
4.012368677623086022e+00
3.998429530179792302e+00
3.981827257368659723e+00
4.027794613174377147e+00
3.997731800447101413e+00
3.988865879050500052e+00
3.999240737101845244e+00
4.013382348381868248e+00
4.033663837792126117e+00
4.015086704538595619e+00
3.968578092899035958e+00
4.013256296035465631e+00
4.003072155625607920e+00
4.006418772468398615e+00
4.020628229871787696e+00
4.009252098579135115e+00
3.941687174055575227e+00
4.012084062810306939e+00
4.020309775437104882e+00
4.019235781817928732e+00
3.997142756554974863e+00
3.998717407806006818e+00
3.997766451052196857e+00
4.008756952760093917e+00
3.990639144699505092e+00
3.997660238404468824e+00
3.927339313952047384e+00
3.991678428776735288e+00
3.994751716726045121e+00
4.011010124974665914e+00
3.969504386469945079e+00
3.996298611170701509e+00
4.016808745456343921e+00
4.027183412669502083e+00
3.980841040219171401e+00
3.972605932740021828e+00
3.990613621212152129e+00
4.003904180826228121e+00
4.000826888132072767e+00
4.004514918921898037e+00
3.988903238734660572e+00
4.019415561492714950e+00
3.998927062775769592e+00
4.012658240037307422e+00
3.982676584697006472e+00
3.998924175018288896e+00
3.968500843730793370e+00
4.002914677958487211e+00
4.004500234907174772e+00
3.991405420334191323e+00
3.985562911092541682e+00
4.011624935814218418e+00
3.977421052183815586e+00
3.986013801005533708e+00
4.010622011726042047e+00
3.988040019011660053e+00
3.995653702315300926e+00
4.005020852878197424e+00
4.014705456129917138e+00
4.008935581933579684e+00
4.007267673727490376e+00
4.005527060511065329e+00
4.001299316030115349e+00
4.005233002627009320e+00
4.003689613654118240e+00
4.022450890693796133e+00
4.013902232132409154e+00
4.009949245145377539e+00
4.010217743245296340e+00
4.000794743203276660e+00
3.970267543985634973e+00
4.001812070940016675e+00
3.994369228676926120e+00
4.004725339575287535e+00
4.001994367939322395e+00
3.990953446173777230e+00
3.846370004159022304e+00
3.951976788946820918e+00
4.003027897045074113e+00
3.960494388271178057e+00
3.966864962232544034e+00
4.019923651679284227e+00
3.997145983399843061e+00
4.011661959125030208e+00
4.006389314261778800e+00
4.023582865754441684e+00
3.983661226926106469e+00
3.990978368226191009e+00
4.012782695923378107e+00
3.984079875705873963e+00
4.002173416010855078e+00
3.998892196350533723e+00
3.985559059786540459e+00
4.014632913631144717e+00
3.987880881396368427e+00
4.003480519938444893e+00
3.961831833972915273e+00
4.026109814883239046e+00
4.000091093943471954e+00
4.001752163051915723e+00
3.989053208793570171e+00
3.951587609660354605e+00
3.976983800190706297e+00
3.988699496511227682e+00
4.009901683542614670e+00
3.995165791099391406e+00
4.020297586680740665e+00
4.015285735594599892e+00
4.003283581986917916e+00
3.997829491942422209e+00
4.011931950811307601e+00
4.005697315203899045e+00
3.977594481440087204e+00
4.018633271387626493e+00
3.992096971162824026e+00
4.010921302255537668e+00
4.005689087915189184e+00
3.999055121916666344e+00
3.983722560811560953e+00
3.989883891419393258e+00
4.018766701180407352e+00
4.001747416126153922e+00
3.982015774500615279e+00
3.997305249394215387e+00
4.009280907071954836e+00
3.981845928856933892e+00
4.025421309924854363e+00
3.967946340474949984e+00
3.973043158048919388e+00
4.018023325409253665e+00
4.028600809949331563e+00
3.973156217073739782e+00
3.989333736452835844e+00
4.030841643746692959e+00
3.998184403808643594e+00
3.998932820907617813e+00
4.008110805621762474e+00
3.981483211379087894e+00
3.984573320497305282e+00
4.004329276444726915e+00
3.988845372363704289e+00
3.983919588008036250e+00
4.001484822641002914e+00
3.948962769248134830e+00
4.002632470455438352e+00
3.999445912366998535e+00
4.013125966699789160e+00
4.001965619233785354e+00
3.993734605155787598e+00
3.982193271466332618e+00
3.976327593050903442e+00
3.983046632550731658e+00
4.023144945608725820e+00
3.987821249889286435e+00
4.020383271227930599e+00
3.996164745468342439e+00
3.986897505414715326e+00
4.000791544827202451e+00
3.972652197994031908e+00
3.992554504993686137e+00
4.000042893524892840e+00
3.996022357331500796e+00
4.008669249012959845e+00
3.998441861279334653e+00
3.973377468982336680e+00
3.995201022305602034e+00
4.018023453864588923e+00
3.982198421887765960e+00
3.991991143083044147e+00
3.998808891999124704e+00
3.999609340553544001e+00
4.034914946429281279e+00
4.001860680571978968e+00
4.014441405817275488e+00
4.020332561328546106e+00
4.023021462714892138e+00
4.004601164292331816e+00
4.026967211480155129e+00
4.009812951852970819e+00
3.986700639856736839e+00
4.015891892942073937e+00
4.003820503045978363e+00
4.018458319760591202e+00
3.849989252513405180e+00
4.014851095272519821e+00
4.011782329031482242e+00
3.988106828574458085e+00
4.010590287989603375e+00
4.007530505995603676e+00
3.997101873785463777e+00
3.995943598656503060e+00
4.018682731191992374e+00
3.983603531235955675e+00
3.995149986836663114e+00
3.988832355563293408e+00
4.018007389740643198e+00
3.947484882445140730e+00
3.991080129322153613e+00
3.964177175885114757e+00
4.005787214591841838e+00
3.997963754624143551e+00
4.000097969622332883e+00
3.988730113490875695e+00
3.995512004698477337e+00
4.012698805245777045e+00
3.995183957727994617e+00
4.001535302766990654e+00
3.996592533010407955e+00
3.994842430788540177e+00
4.034585568420651747e+00
3.983966900096478803e+00
4.005794526023072955e+00
3.996994647243982790e+00
4.009678994146371522e+00
4.006615941272705150e+00
3.943309882842822134e+00
3.976192535200553380e+00
4.013327340931041931e+00
3.997400407809373668e+00
4.000939006155284083e+00
4.020044011863689093e+00
3.978549212960405868e+00
3.986176998547667605e+00
3.993921159965264422e+00
3.999172127743257921e+00
4.014061909134878370e+00
4.008240291735078564e+00
4.004673427018116350e+00
4.014500694399012914e+00
4.020448856791204229e+00
3.988496961990648959e+00
3.985232876351678666e+00
4.022459367577302380e+00
3.990434002649180023e+00
4.013673198330175218e+00
3.990609001778945064e+00
4.005225535936840942e+00
4.008213003119991846e+00
4.002342484472969808e+00
3.933414027383955069e+00
3.974261242917636050e+00
3.986207791556353186e+00
3.988041347855771246e+00
4.017928288701728690e+00
4.009937655173433591e+00
4.010151340444466861e+00
4.020481244556286526e+00
4.014425811634207086e+00
3.968729412658397404e+00
4.027482132403173765e+00
3.973324542769283152e+00
4.010077307615022235e+00
4.025129079049327707e+00
3.998510063578395446e+00
4.036418913944887166e+00
3.993028242477546286e+00
3.997733229354189621e+00
3.987714849742964862e+00
3.995469779962187662e+00
4.000008791794262386e+00
3.994228375595624936e+00
3.999842318773165317e+00
4.000761342814006305e+00
3.962854366427999153e+00
3.984726217792955882e+00
4.005768706531405599e+00
4.016299522629538821e+00
3.986524495907058263e+00
4.004229073806405914e+00
3.989201420067064685e+00
3.989139241695098370e+00
3.997334640271249295e+00
3.997722799703170349e+00
3.994969960137414677e+00
3.999987095534730308e+00
3.993560841566442310e+00
3.971115333298615546e+00
3.999271757916513348e+00
3.996933418140748984e+00
4.008332032868990424e+00
3.975600062651946764e+00
4.004269974849218094e+00
3.991951820822015939e+00
4.030194127405454019e+00
3.994331801522895908e+00
3.997663187255403816e+00
4.026845768271789971e+00
4.022166725554061628e+00
3.962884636456033505e+00
4.032658631353827516e+00
3.994027522902842353e+00
4.001113462057700687e+00
4.011713944765163298e+00
3.999507530611099870e+00
3.982926112359228110e+00
4.000862914300720163e+00
3.983125001905661211e+00
3.977239047126666982e+00
4.003327925688413558e+00
4.012210563775092886e+00
4.023483287805315278e+00
3.996140496371813899e+00
4.015958587679672398e+00
4.018186964189932375e+00
4.012614067902019244e+00
4.004091383340300681e+00
4.023862783100970120e+00
3.996455460724179343e+00
4.029273951576183066e+00
3.995883083263727986e+00
4.004133882655239063e+00
4.007745168332105479e+00
3.992324620979105010e+00
3.979671115403792481e+00
4.000318931759052177e+00
3.980028982707654706e+00
3.997109521343888527e+00
3.998977981578742291e+00
4.008863839404385843e+00
4.002734672854370679e+00
4.017949873602549182e+00
4.026610475533150435e+00
4.005435073653507594e+00
4.023222903794397176e+00
4.000499648404107766e+00
4.019031095654237440e+00
4.009227128693431119e+00
4.021357483678074551e+00
4.018246150970457897e+00
3.991748322160993734e+00
4.011275536730691371e+00
4.027644911993289334e+00
4.001137907875108368e+00
3.991089048236387882e+00
4.021987487529834482e+00
3.964893309526102527e+00
3.991399817289221108e+00
3.936306683522729166e+00
3.989178658252280130e+00
4.001604749012447115e+00
4.005025229800225794e+00
3.988947256121037288e+00
3.974508373307800380e+00
4.026608313940061024e+00
4.009792213017004947e+00
4.005938387843505311e+00
3.985512738989169801e+00
4.005834282718624628e+00
4.008212440732579651e+00
4.003156146385053127e+00
4.003050343984715376e+00
3.982859768987889737e+00
3.988645971663132617e+00
4.021141007822207847e+00
4.011813324988457552e+00
3.990715636898778396e+00
3.985096610922411742e+00
4.009690238806288498e+00
4.016126047033849567e+00
3.985037925860412944e+00
4.006380361343347296e+00
4.003237363319372299e+00
4.000611774692975686e+00
3.991549179909616107e+00
3.997936629706863254e+00
4.023561109640271916e+00
3.956664120106570870e+00
4.003230057011008647e+00
4.004392558157921833e+00
3.994501375173342250e+00
3.977268951542574538e+00
4.013619448638859666e+00
3.949092497179555572e+00
4.026523841089339584e+00
3.984372594555752656e+00
4.015973721294528787e+00
4.024898183576875788e+00
4.024587928238354984e+00
4.020304804157945000e+00
3.991558377264394775e+00
4.006095772132989730e+00
3.997176945058527497e+00
3.996525688093874873e+00
3.989356175701324947e+00
4.014508312563022763e+00
4.025814161125099488e+00
3.977127858378561420e+00
4.020432462619124792e+00
4.000186926821545974e+00
4.010857568581151611e+00
4.000541151786126015e+00
3.978304442838444643e+00
3.997446860116046885e+00
4.011567655965329493e+00
3.996685738024331691e+00
3.993709929977430573e+00
4.009315296196879430e+00
4.011425126140471420e+00
3.995256535859025959e+00
4.008481857650760816e+00
4.003723738221352413e+00
4.016051172251414059e+00
4.005720708232355598e+00
4.000694287315409881e+00
4.021617348983556717e+00
4.024966173652179791e+00
4.007911824273576507e+00
3.967989775437286593e+00
4.003514052953391911e+00
3.997416649003174616e+00
4.006820667591350471e+00
3.992024713506150846e+00
3.993220266750370673e+00
4.003486021555053398e+00
4.039720970094504260e+00
4.021025740729236908e+00
3.997339463471362819e+00
3.972575992129900424e+00
4.016994622095912959e+00
4.001501009572431933e+00
3.980472922374644451e+00
4.007156651213944265e+00
4.016666740222377463e+00
4.018535086776699572e+00
4.007004514486837365e+00
4.020285284053372266e+00
4.002328989075957466e+00
4.023482932877685769e+00
3.991287677363394515e+00
4.023396607510053791e+00
3.991360901542730932e+00
4.006535815384220101e+00
3.993997265972434985e+00
3.997553407512989487e+00
4.021276900845013991e+00
3.999872184368153949e+00
4.028642038688930782e+00
3.994963621517125585e+00
4.018539344755917675e+00
4.007702300802922224e+00
4.018075431641147333e+00
3.936379024811602179e+00
3.999916426947428771e+00
4.021816003164505382e+00
4.008685862317389770e+00
3.965601194615761660e+00
4.009839050568061225e+00
4.021666156905944867e+00
4.025505029070878038e+00
4.022469423516183973e+00
3.978526147202360974e+00
3.992922720939269698e+00
4.010484360464452003e+00
4.019314293803837757e+00
3.995857789577996755e+00
4.009906106125464831e+00
4.003402273292504532e+00
4.025257352085886531e+00
3.999934817211456384e+00
3.964635160420523441e+00
4.004611388292095953e+00
3.991320382941988321e+00
3.994581991183541181e+00
3.979966889120166051e+00
4.016269325184633310e+00
3.972986723608757043e+00
4.025318194021199503e+00
3.966463201769099722e+00
4.026981396281368752e+00
3.966123335671827288e+00
4.010293811292481969e+00
4.004016234857366463e+00
3.965768531316392842e+00
3.992893468920610367e+00
3.964582581021328878e+00
3.999244659003910130e+00
4.030204124804780186e+00
4.017614254792819750e+00
4.008355104660891399e+00
4.016788273150650568e+00
3.972147556146274461e+00
3.995985917356633887e+00
4.012980938997912084e+00
4.010772945209343021e+00
4.011568345248077705e+00
3.996628596902170205e+00
4.000546415638997821e+00
3.994563818046134696e+00
3.969860298974683843e+00
4.008675732890227827e+00
3.969208770163322075e+00
4.032031186689668978e+00
